0	2	0	0	.015
.1	1.999649774370651	.00012996139962864045	.0002967390099244809	.015242702452824785
.2	1.999297577655765	.0002605191919759686	.0005961096171496062	.015486399893084566
.3	1.9989432774568154	.00039171293981260887	.0008982882968167347	.015731160342199402
.4	1.9985868124700779	.0005235603810662048	.0012033577982691187	.01597701576553256
.5	1.9982281388843082	.0006560743292251239	.0015113770028123673	.016223988904391588
.6	1.9978672996179778	.0007892422319106024	.0018222882290072884	.0164720574808848
.7	1.9975041143114443	.0009231167266606381	.0021363324420818485	.016721316295735793
.8	1.9971386317041524	.0010576835889825938	.0024534445248546337	.01697173973049344
.9	1.9967708398156112	.0011929463535533577	.002773640088875302	.017223334269087044
1	1.996400542341114	.0013289625639738773	.0030971787929958113	.017476204327826463
1.1	1.996027838801807	.001465703047203808	.0034239289972416145	.017730296970483
1.2	1.995652665325696	.0016031859300996635	.0037539785611123092	.01798564511433182
1.3	1.9952749111619208	.0017414426437291504	.004087479828610745	.018242305836291044
1.4	1.99489459506997	.001880467864153674	.004424406995010083	.018500269468410158
1.5	1.994511683048461	.002020271267660784	.00476480663202212	.018759553613071828
1.6	1.9941260554968363	.0021608873460049224	.0051088391626429915	.019020221539218826
1.7	1.9937377030427275	.002302318635445785	.005456518400734528	.01928227770982715
1.8	1.9933465793933898	.0024445783755748245	.0058079072661484776	.019545746284634707
1.9	1.9929526304829803	.0025876808196917383	.006163085993622249	.019810653398903897
2	1.992555806390684	.002731639680533228	.006522125584677927	.020077024134442668
2.1	1.992156060885047	.0028764681896977467	.006885088822640965	.020344882635412103
2.2	1.9917533455435013	.003022179375686732	.00725204587879291	.020614252909091517
2.3	1.9913476121269391	.003168785413987601	.007623070767929821	.020885157739522715
2.4	1.9909388119724218	.0033163004507196668	.007998228625565457	.02115762273666924
2.5	1.990526896582654	.0034647378618333407	.008377588057444159	.02143167240605851
2.6	1.9901118174603398	.003614111023279035	.008761217669310269	.021707331253217953
2.7	1.9896935307067325	.003764431004445789	.009149185251925861	.021984619743022057
2.8	1.9892720054719535	.0039157023296106245	.009541556283454553	.022263546874564926
2.9	1.9888471844281295	.004067942804006078	.009938400934648432	.022544144912626376
3	1.9884190212042232	.004221164737084077	.010339787434423648	.02282643649443313
3.1	1.9879874694291975	.004375380438296554	.01074578401169635	.023110444257211905
3.2	1.9875524821401638	.0045306019583017726	.011156461876748174	.023396190551901636
3.3	1.9871140091765813	.004686839949547463	.01157190834758348	.023683696182685426
3.4	1.98667200600657	.004844107525678266	.011992182388624345	.02397298467641981
3.5	1.9862264258513873	.005002416817872309	.012417354282544125	.024264078473117963
3.6	1.9857772219322907	.005161779957307721	.012847494312016195	.024557000012793075
3.7	1.9853243472962236	.005322208855586787	.01328267440384923	.02485177142714749
3.8	1.9848677528445624	.00548371272163016	.013722986721934087	.025148411052993952
3.9	1.9844073928965955	.005646305069759713	.01416849119226976	.02544694327244557
4	1.983943220446981	.005809997745715732	.014619260234825023	.02574739012472653
4.1	1.9834751884903765	.005974802595238504	.015075366269568648	.026049773649061005
4.2	1.983003249996632	.006140731428719096	.015536881972715131	.026354115834158243
4.3	1.9825273555619927	.006307792674445494	.01600390453726946	.026660433835614936
4.4	1.9820474592925468	.0064759997618136006	.016476494903315864	.026968751955739983
4.5	1.9815635139674586	.0066453642295105095	.016954727716644892	.027279091794970636
4.6	1.9810754723658917	.006815897616223321	.0174386776230471	.02759147495374415
4.7	1.9805832872670106	.006987611460639133	.017928419268313057	.02790592303249778
4.8	1.98008690711131	.007160514806552274	.018424052647677075	.028222454399163543
4.9	1.9795862863046847	.007334620128079077	.018925642902468835	.0285410918661666
5	1.9790813774231053	.007509938847063158	.019433265865671068	.02886185688255609
5.1	1.978572132830082	.007686482263175434	.019946998611606467	.02918477073908817
5.2	1.9780585048891248	.007864261676086823	.020466918214597746	.029509854726519055
5.3	1.9775404399534213	.008043286869139906	.020993126621958146	.02983712860691335
5.4	1.977017891905778	.008223569525304873	.021525694620586393	.03016661405745171
5.5	1.9764908131797603	.008405120961926802	.022064698994888103	.03049833238670859
5.6	1.9759591555017924	.008587952317947727	.022610219455691555	.030832304723400792
5.7	1.975422870598297	.008772074732309676	.02316233571382501	.03116855219624514
5.8	1.974881903560996	.008957498398104414	.023721151097918204	.03150709534986277
5.9	1.9743362068340204	.00914423455659123	.02428674276394604	.03184795537615498
6	1.9737857326782742	.009332294422908177	.02485918852012846	.03219115345089229
6.1	1.9732304320361687	.00952168902422773	.025438570868170012	.03253671063376991
6.2	1.972670255850116	.009712429387722375	.02602497230977524	.032884647984483026
6.3	1.9721051485429948	.009904525875054715	.0266184971667946	.03323498638604716
6.4	1.97153506062814	.010097989469597245	.027219229377007798	.03358774688652946
6.5	1.97095994411115	.01029283130705189	.02782724788375216	.033942950574437566
6.6	1.9703797490678296	.010489062326128444	.028442638089168144	.034300618485981565
6.7	1.9697944255739837	.010686693465536702	.02906548539539621	.03466077165737158
6.8	1.9692039149243656	.01088573558913073	.029695900271627114	.03502343212526568
6.9	1.968608164631713	.011086199613770975	.03033397543672637	.03538862121789089
7	1.9680071269775674	.011288096496970438	.030979789996173217	.03575635972015203
7.1	1.9674007505924844	.011491437165118615	.03163343347782557	.03612666883292022
7.2	1.966788984086655	.0116962325444314	.03229499546767556	.03649956975938677
7.3	1.966171776049906	.01190249356095108	.03296456560984946	.03687508370506314
7.4	1.965549075051699	.012110231140546348	.033642233606607785	.03725323187778102
7.5	1.9649208296411318	.012319456208912285	.0343280892183452	.03763403548769226
7.6	1.9642869839217365	.012530176940015483	.03502224918806917	.038017512151127
7.7	1.9636474855615123	.012742403736668595	.035724808505547635	.038403682399950595
7.8	1.9630022844690438	.012956148407352206	.03643584846226066	.03879256860571174
7.9	1.9623513284356011	.013171421456506013	.03715546316640754	.039184191438191275
8	1.961694565187714	.013388233360803239	.037883747054323055	.039578571533427774
8.1	1.9610319423871703	.013606594569150652	.03862079489047751	.03997572949371751
8.2	1.9603634076310175	.013826515502688546	.039366701767476746	.04037568588761452
8.3	1.9596889084515623	.014048006554790764	.0401215631060621	.04077846124993051
8.4	1.9590083761975354	.0142710812025813	.04088550360476411	.04118408279660214
8.5	1.9583217547496323	.014495750463799034	.041658625666388345	.04159257246222322
8.6	1.9576289970301635	.01472202357056129	.04244101566673407	.04200394835407296
8.7	1.9569300478190035	.014949911286505307	.04323277481738805	.04241823191073568
8.8	1.9562248516549117	.01517942438154858	.044034004974844415	.04283544461052859
8.9	1.9555133528355315	.015410573631888854	.04484480864050464	.0432556079715018
9	1.9547954954173905	.015643369820004152	.045665288960677605	.043678743551438304
9.1	1.9540712232159	.01587782373465274	.04649554972657951	.044104872947854014
9.2	1.9533404772764642	.016113946244618645	.04733570217484588	.044534018174616566
9.3	1.9526032002784088	.016351748170287818	.048185853144803614	.04496620100608377
9.4	1.951859336246258	.016591240292067672	.04904610585488899	.04540144302010235
9.5	1.951108827631308	.016832433435491845	.049916567750662263	.045839766032638535
9.6	1.9503516166154464	.0170753384331993	.05079734699867546	.04628119190360506
9.7	1.949587645111151	.017319966124934322	.05168855248647246	.04672574253686118
9.8	1.9488168547614908	.017566327357546534	.052590293822588924	.04717343988021271
9.9	1.9480391869401257	.017814432984990865	.05350268133655233	.04762430592541195
10	1.947254586343825	.018064292540759624	.05442582288751978	.04807836030583081
10.1	1.9464629948859289	.018315916494473408	.05535982928893357	.04853562437991968
10.2	1.9456643517239771	.018569316241671185	.056304814283977433	.04899612121273181
10.3	1.9448585977342265	.018824502450311333	.057260890570703535	.049459872583801495
10.4	1.9440456735646383	.01908148578026488	.05822817153163384	.04992690028911737
10.5	1.9432255196348762	.019340276883315535	.05920677123376039	.050397226141122436
10.6	1.942398076136308	.019600886403159674	.06019680442854506	.05087087196871404
10.7	1.9415632830320049	.019863324975406337	.06119838655191972	.05134785961724389
10.8	1.9407210809043436	.020127602912085953	.06221163297313699	.051828210385062766
10.9	1.9398714095510123	.020393730724239577	.06323666023899632	.052311945956844796
11	1.9390142078975778	.02066171915446349	.06427358615132896	.052799088461710775
11.1	1.9381494151338927	.020931578753919218	.0653225287599066	.053289659717784446
11.2	1.937276970231439	.021203320061986372	.06638360679017444	.053783681553045505
11.3	1.9363968119433284	.021476953606262644	.06745693964325127	.05428117580532962
11.4	1.9355088788043016	.0217524899025638	.06854264739592933	.054782164322328415
11.5	1.9346131091307295	.022029939454923705	.06964085080067452	.05528666896158947
11.6	1.9337094381629996	.022309313713476303	.07075167433660393	.05579471335599102
11.7	1.932797802669843	.022590623531068867	.07187524129360004	.056306320069121965
11.8	1.9318781415731294	.022873878953827816	.07301167310523587	.056821510209273327
11.9	1.9309503918330724	.023159090600453913	.07416109374200802	.057340305971620514
12	1.930014490157255	.023446269089349606	.07532362788666341	.05786272958236037
12.1	1.9290703730006316	.023735425038619022	.0764994009341992	.05838880329871112
12.2	1.9281179765655274	.02402656906606796	.0776885389918628	.05891854940891238
12.3	1.9271572368016388	.024319711789203894	.07889116887915196	.05945199023222521
12.4	1.926188084191758	.024614865449972725	.0801074243106694	.059989151176103636
12.5	1.9252104526239422	.024912041150244466	.0813374353759014	.06053005553437069
12.6	1.9242242803228098	.025211248561626008	.0825813274349247	.0610747239411901
12.7	1.9232295018457557	.025512498419393383	.08383923060894147	.061623179063752025
12.8	1.922226051499045	.02581580145805723	.08511127572962675	.06217544359938919
12.9	1.9212138633378117	.026121168411362777	.08639759433912839	.0627315402755768
13	1.9201928711660605	.026428610012289862	.08769831869006711	.06329149184993262
13.1	1.9191630085366653	.026738136993052934	.08901358174553649	.06385532111021697
13.2	1.9181242087513706	.027049760085101033	.09034351717910295	.0644230508743327
13.3	1.91707640486079	.027363490019117816	.09168825937480575	.06499470399032518
13.4	1.9160195296644071	.027679337525021525	.09304794342715697	.06557030333638235
13.5	1.914953515710576	.027997313331965014	.0944227051411416	.06614987182083465
13.6	1.9138782952965199	.028317428168335747	.09581268103221736	.06673343238215507
13.7	1.9127938004683318	.028639692761755778	.09721800832631497	.06732100798895914
13.8	1.9116999645649566	.028964116298405174	.09863882849994496	.06791261927332366
13.9	1.9105967186783264	.029290709955309115	.1000752791638451	.06850828995684283
14	1.9094839936479937	.02961948490997353	.10152749863636276	.06910804379316766
14.1	1.908361720584259	.0299504518183783	.10299562714290185	.06971190376613509
14.2	1.907229830349001	.030283621333034735	.10447980562555026	.07031989288557208
14.3	1.9060882535556785	.030619004102985587	.10598017574308008	.07093203418729581
14.4	1.9049369205693276	.030956610773804998	.10749687987094741	.07154835073311343
14.5	1.9037757615065647	.03129645198759856	.10903006110129254	.07216886561082228
14.6	1.9026047062355838	.0316385383830033	.11057986324293984	.07279360193420978
14.7	1.9014236843761583	.03198288059518765	.11214643082139775	.07342258284305343
14.8	1.9002326252996402	.032329489255851475	.11372990907885884	.07405583150312091
14.9	1.899031458128961	.03267837499322607	.11533044397419975	.07469337110616989
15	1.8978201117386297	.03302954843207413	.11694818218298124	.07533522486994822
15.1	1.8965985147547355	.03338302019368983	.11858327109744823	.07598141603819383
15.2	1.895366571623133	.033738808640283106	.12023588496452825	.07663198283015904
15.3	1.8941242246144476	.034096919810031164	.12190615716481318	.07728693970784359
15.4	1.892871403521972	.03445736369494403	.12359423515182959	.07794630879829165
15.5	1.8916080351360587	.03482015117493102	.1253002701042354	.07861011397520697
15.6	1.890334045962251	.035185293138208215	.12702441395711545	.07927837916101413
15.7	1.8890493622212834	.03555280048129842	.12876681940198137	.07995112832685851
15.8	1.8877539098490796	.03592268410903121	.13052763988677188	.0806283854926064
15.9	1.8864476144967552	.036294954934542906	.13230702961585233	.08131017472684479
16	1.8851304015306154	.03666962387927659	.1341051435500152	.08199652014688166
16.1	1.8838021960321563	.037046701872982084	.13592213740647982	.08268744591874574
16.2	1.8824629227980645	.03742619985371597	.13775816765889223	.08338297625718659
16.3	1.8811125063402168	.037808128767841606	.13961339153732572	.08408313542567467
16.4	1.8797508708856812	.038192499570029056	.14148796702828012	.0847879477364012
16.5	1.878377942287592	.03857932257455003	.14338205085264086	.08549743637396401
16.6	1.8769936853070934	.03896859479878572	.14529575901485403	.08621160044501394
16.7	1.8755979919604517	.03936033786720305	.14722928495123364	.08693048371054238
16.8	1.874190786649401	.039754562321654335	.14918278828364673	.08765410986879908
16.9	1.8727719935497746	.04015127869230009	.15115642932805082	.08838250263049069
17	1.8713415366115058	.040550497497609105	.15315036909449425	.08911568571878091
17.1	1.8698993395586279	.04095222924435836	.15516476928711598	.08985368286929044
17.2	1.8684453258892733	.04135648442763308	.15719979230414544	.0905965178300969
17.3	1.8669794188756745	.04176327353082676	.15925560123790317	.091344214361735
17.4	1.8655015415641638	.04217260702564109	.16133235987479982	.09209679623719635
17.5	1.864011616775173	.042584495372086015	.16343023269533724	.09285428724192966
17.6	1.8625095671032335	.04299894901847971	.16554938487410759	.09361671117384053
17.7	1.860995314916977	.04341597840144857	.16768998227979373	.09438409184329158
17.8	1.859468782359134	.043835593945927266	.16985219147516942	.09515645307310247
17.9	1.8579298963051492	.044257804864815155	.17203617152147077	.09593381664576195
18	1.856378595798711	.04468261735903935	.17424206168890272	.09671619922523518
18.1	1.8548147869179943	.0451100455431923	.17647005605400362	.09750363104162832
18.2	1.853238391674312	.04554009960851739	.17872032267964078	.09829613564791734
18.3	1.8516493318874463	.04597278972624637	.1809930302659662	.0990937365953069
18.4	1.8500475291856484	.04640812604759926	.18328834815041603	.09989645743323008
18.5	1.848432905005639	.046846118703784426	.18560644630771125	.10070432170934857
18.6	1.8468053805926075	.04728677780599854	.18794749534985705	.10151735296955253
18.7	1.8451648770002131	.04773011344542658	.19031166652614306	.10233557475796072
18.8	1.8435113150905842	.048176135693241876	.19269913172314362	.10315901061692048
18.9	1.8418446155343184	.04862485460060603	.19511006346471738	.10398768408700759
19	1.8401646988104825	.049076280198669026	.19754463491200758	.10482161870702653
19.1	1.8384714852066124	.04953042249856911	.20000301986344177	.10566083801401016
19.2	1.8367648948187136	.04998729149143283	.20248539275473204	.10650536554321995
19.3	1.8350448557606243	.05044689608082797	.2049919105107097	.10735522264328996
19.4	1.8333112972799146	.050909244977973105	.2075227277637757	.10821043030837461
19.5	1.8315641276066537	.05137434958228828	.21007804582289225	.1090710150735214
19.6	1.8298032667827966	.05184221971225527	.2126580400987541	.10993700027739353
19.7	1.828028634690233	.052312865162252406	.21526288656978082	.11080840924850852
19.8	1.8262401510507873	.05278629570255458	.21789276178211686	.11168526530523815
19.9	1.8244377354262187	.05326252107933318	.2205478428496312	.11256759175580838
20	1.8226213072182214	.05374155101465617	.22322830745391764	.11345541189829962
20.1	1.8207907856684238	.054223395206488036	.22593433384429462	.11434874902064629
20.2	1.8189460898583896	.054708063328689764	.2286661008378052	.11524762640063715
20.3	1.8170871387096172	.055195565031018946	.23142378781921746	.11615206730591532
20.4	1.8152138509835398	.05568590993912964	.23420757474102377	.11706209499397796
20.5	1.8133261452815248	.05617910765457252	.23701764212344173	.11797773271217674
20.6	1.811423940044875	.05667516775479471	.23985417105441315	.1188990036977173
20.7	1.8095072027652481	.05717409363761341	.2427172335324288	.1198259181726567
20.8	1.8075758598830873	.05767589379164586	.24560699324277818	.12075849715534745
20.9	1.8056297929387164	.05818058227775288	.24852371413418967	.12169677347760072
21	1.803668921166873	.05868816839763279	.25146757637075345	.12264076995715176
21.1	1.8016931636488198	.05919866142805601	.25443876066959886	.12359050939984832
21.2	1.799702439312344	.0597120706208652	.25743744830089466	.12454601459965078
21.3	1.7976966669317584	.06022840520297521	.26046382108784916	.1255073083386323
21.4	1.7956757651279005	.06074767437637305	.26351806140670997	.12647441338697843
21.5	1.793639652368133	.06126988731811797	.26660035218676437	.12744735250298755
21.6	1.7915882469663433	.061795053180341356	.2697108769103388	.12842614843307054
21.7	1.7895214670829442	.062323181090246774	.27284981961279897	.12941082391175085
21.8	1.7874392307248734	.06285428015011005	.2760173648825507	.13040140166166478
21.9	1.7853414557455938	.06338835943727912	.27921369786103845	.13139790439356097
22	1.7832280598450927	.06392542800417418	.2824390042427466	.1324003548063009
22.1	1.781098960569883	.06446549487828757	.2856934702751988	.1334087755868586
22.2	1.7789540753130026	.06500856906218377	.288977282758958	.13442318941032064
22.3	1.7767933213140144	.06555465953349958	.2922906290476269	.13544361893988635
22.4	1.7746166156590062	.06610377524494386	.29563369704784725	.13647008682686756
22.5	1.7724238752805905	.06665592512429777	.2990066752193005	.13750261571068884
22.6	1.7702150169579056	.06721111807441456	.30240975257470754	.13854122821888726
22.7	1.7679899573166142	.06776936297321969	.3058431186798282	.13958594696711255
22.8	1.7657486128289042	.06833066867371088	.30930696365346255	.14063679455912717
22.9	1.7634910885597344	.06889501330016332	.3128010959811469	.14169373229277227
23	1.7612173337905042	.06946240026863544	.3163256398318921	.14275677199379186
23.1	1.7589271085768645	.07003286372708806	.31988110277421367	.14382598687595144
23.2	1.7566203334367463	.07060641167081258	.32346766770390606	.14490139798227725
23.3	1.7542969288568513	.0711830520502866	.3270855178222708	.14598302630420965
23.4	1.7519568152926526	.0717627927711737	.3307348366361157	.14707089278160276
23.5	1.7495999131683948	.07234564169432364	.3344158079577559	.1481650183027249
23.6	1.7472261428770939	.07293160663577225	.33812861590501275	.14926542370425827
23.7	1.744835424780537	.07352069536674138	.3418734449012146	.15037212977129896
23.8	1.742427679209283	.07411291561363914	.34565047967519663	.15148515723735728
23.9	1.7400028264626612	.07470827505805956	.3494599052613005	.1526045267843573
24	1.737560786808773	.07530678133678291	.3533019069993751	.1537302590426372
24.1	1.735101480484491	.07590844204177546	.35717667053477564	.1548623745909491
24.2	1.732624827695459	.0765132647201896	.36108438181836405	.15600089395645905
24.3	1.7301307486160922	.07712125687436386	.3650252271065096	.15714583761474726
24.4	1.727619163389577	.07773242596182277	.36899939296108747	.15829722598980772
24.5	1.7250899921278713	.0783467793952771	.37300706624948043	.15945507945404855
24.6	1.7225431549117043	.07896432454262357	.37704843414457745	.16061941832829174
24.7	1.7199785717905762	.07958506872694505	.3811236841247744	.1617902628817733
24.8	1.7173961627827592	.08020901922651058	.385233003973974	.1629676333321433
24.9	1.7147958478752963	.08083618327477517	.38937658178158546	.1641515498454657
25	1.7121775470240015	.08146656806038002	.39355460594252534	.16534203253621854
25.1	1.709541478707103	.08210013436660901	.3977666501612587	.16653900707840208
25.2	1.7068876373916404	.0827368777123908	.40201274982805923	.16774246990656333
25.3	1.7042156760242464	.08337684659957671	.4062936440783409	.16895252536679115
25.4	1.7015255219489667	.08402004687088255	.4106095070525851	.17016919099190944
25.5	1.6988171026931018	.08466648429090425	.4149605127549594	.17139248419534592
25.6	1.6960903459672094	.08531616454611772	.4193468350533162	.17262242227113198
25.7	1.6933451796651038	.08596909324487895	.4237686476791931	.1738590223939026
25.8	1.6905815318638548	.086625275917424	.42822612422781314	.17510230161889676
25.9	1.687799330823789	.08728471801586893	.43271943815808456	.17635227688195682
26	1.6849985049884897	.0879474249142099	.43724876279260094	.1776089649995292
26.1	1.6821789829847955	.08861340190832309	.44181427131764106	.17887238266866373
26.2	1.6793406936228026	.08928265421596471	.44641613678316866	.18014254646701405
26.3	1.6764835658958626	.08995518697677106	.4510545321028333	.18141947285283763
26.4	1.6736075289805838	.09063100525225842	.45572963005396916	.1827031781649955
26.5	1.6707125122368311	.09131011402582324	.46044160327759653	.18399367862295254
26.6	1.6677984452077252	.09199251820274192	.4651906242784201	.18529099032677726
26.7	1.6648652576196434	.09267822261017086	.46997686542483014	.18659512925714183
26.8	1.6619128793822195	.09336723199714668	.4748004989489024	.18790611127532225
26.9	1.6589412405883437	.09405955103458588	.47966169694639743	.1892239521231982
27	1.6559502715141616	.09475518431528511	.4845606313767617	.19054866742325305
27.1	1.6529399026190768	.09545413635392103	.4894974740631262	.19188027267857388
27.2	1.6499100645457476	.09615641158705031	.4944723966923074	.19321878327285152
27.3	1.6468611256059682	.09686195193353066	.4994846404436015	.1945640846252525
27.4	1.6437931633089	.09757074076466635	.5045340651797172	.195916148399706
27.5	1.6407056866381289	.09828284254183905	.5096217400611075	.19727511493264144
27.6	1.6375986384219257	.09899825975457083	.5147478118739005	.19864099573105465
27.7	1.6344719619989414	.09971699476757537	.5199124265722369	.20001380208545524
27.8	1.6313256012182082	.10043904982075814	.5251157292782698	.20139354506986662
27.9	1.6281595004391387	.10116442702921614	.5303578642821639	.20278023554182573
28	1.624973604531526	.10189312838323816	.5356389750420975	.20417388414238344
28.1	1.6217678588755444	.10262515574830457	.5409592041842597	.20557450129610422
28.2	1.618542209361749	.1033605108650874	.5463186935028526	.2069820972110661
28.3	1.615296602391075	.10409919534945042	.5517175839600911	.2083966818788611
28.4	1.6120309848748389	.10484121069244898	.5571560156862013	.20981826507459475
28.5	1.6087453042347375	.10558655826033018	.5626341279794227	.21124685635688645
28.6	1.6054395084028483	.10633523929453273	.5681520593060061	.2126824650678691
28.7	1.6021135458216302	.10708725491168697	.573709947300215	.2141251003331894
28.8	1.598767365443922	.10784260610361501	.5793079287643257	.2155747710620079
28.9	1.5954009167329437	.10860129373733053	.5849461396686257	.21703148594699861
29	1.5920141496622957	.10936331855503895	.5906247151514161	.21849525346434948
29.1	1.5886070147159592	.1101286811741373	.5963437895190093	.21996608187376204
29.2	1.5851794628882967	.11089738208721424	.6021034962457301	.22144397921845152
29.3	1.58173144568405	.11166942166205023	.6079039679739161	.22292895332514692
29.4	1.5782629151183436	.11244480014161724	.6137453365139165	.2244210118040909
29.5	1.5747743128196376	.11322344931596566	.6196266883672272	.2259200168172641
29.6	1.5712658006183926	.1140053400096649	.6255477078004722	.22742591354352387
29.7	1.5677368224517232	.11479054328410883	.6315096123957782	.22893886026443627
29.8	1.5641873457160462	.11557905701945839	.6375125021485311	.2304588597632541
29.9	1.560617338699395	.11637087891780734	.6435564754080036	.23198591449354206
30	1.5570267705814167	.11716600650318244	.6496416288773581	.23352002657917684
30.1	1.5534156114333746	.11796443712154324	.6557680576136447	.23506119781434687
30.2	1.5497838322181465	.11876616794078221	.6619358550278014	.2366094296635525
30.3	1.5461314047902248	.11957119595072475	.6681451128846555	.2381647232616062
30.4	1.542458301895718	.12037951796312912	.6743959213029217	.23972707941363203
30.5	1.5387644971723486	.12119113061168652	.6806883687552038	.2412964985950662
30.6	1.535049965149455	.12200603035202096	.6870225420679933	.24287298095165671
30.7	1.53131468124799	.1228242134616894	.69339852642167	.24445652629946335
30.8	1.527558621780522	.12364567604018172	.6998164053505028	.24604713412485812
30.9	1.5237817639512339	.12447041400892059	.706276260742648	.24764480358452462
31	1.5199840858559241	.12529842311126171	.712778172840151	.24924953350545848
31.1	1.5161655664820057	.1261296989124936	.7193222202389448	.2508613223849673
31.2	1.5123261857085073	.1269642367998376	.7259084798888509	.2524801683906703
31.3	1.508465924306072	.1278020319824481	.7325370270935798	.25410606936049895
31.4	1.5045847639369585	.12864307949141227	.7392079355107293	.25573902280269634
31.5	1.50068268715504	.12948737417975023	.7459212771517864	.25737902589581774
31.6	1.4967596774058052	.130334910722415	.7526771223821258	.25902607548873013
31.7	1.4928162873357425	.13118561273532015	.7594742862417773	.2606800090299425
31.8	1.4888528015270637	.13203943720116584	.7663121754360233	.2623407389194431
31.9	1.4848685665776808	.13289645802354455	.7731922661656835	.26400844002034285
32	1.4808635856753372	.13375666714765522	.780114586528204	.2656831033351267
32.1	1.4768378633619257	.13462005628294108	.7870791619545774	.2673647194071272
32.2	1.472791405533488	.13548661690309002	.7940860152093443	.26905327832052506
32.3	1.468724219440215	.1363563402460343	.8011351663905922	.2707487697003487
32.4	1.4646363136864462	.13722921731395085	.8082266329299577	.2724511827124748
32.5	1.4605276982306705	.13810523887326093	.8153604295926227	.27416050606362774
32.6	1.4563983843855257	.13898439545463032	.822536568477318	.27587672800137975
32.7	1.4522483848177992	.13986667735296932	.8297550590163216	.2775998363141511
32.8	1.4480777135484266	.14075207462743267	.8370159079754583	.27932981833120984
32.9	1.4438863859524929	.14164057710141978	.8443191194541019	.2810666609226723
33	1.4396744187592323	.14253217436257434	.8516646948851723	.28281035049950237
33.1	1.435441830052028	.14342685576278466	.8590526330351376	.2845608730135121
33.2	1.4311886392684119	.14432461041818342	.8664829300040129	.2863182139573612
33.3	1.426914867200066	.14522542720914788	.8739555792253607	.28808235836455737
33.4	1.4226205359928195	.1461292947802999	.8814705714662923	.2898532908094567
33.5	1.4183056691466525	.14703620154050562	.8890278948274652	.29163099540726256
33.6	1.4139702915156929	.1479461356628758	.8966275347430844	.2934154558140266
33.7	1.4096144293082187	.14885908508476564	.9042694739809032	.2952066552266483
33.8	1.405238110086656	.14977503750777482	.9119536926422209	.2970045763828748
33.9	1.4008420015808654	.15069390768940505	.9196787277475895	.2988090296276153
34	1.39642654000451	.1516156366562001	.9274436387337619	.3006198875226193
34.1	1.3919909801260726	.15254029982260273	.9352501493804857	.3024373405155381
34.2	1.387535373934244	.15346788178355136	.9430981862597119	.30426136439114515
34.3	1.3830597753157252	.15439836683632793	.9509876720506275	.3060919343286841
34.4	1.3785642400552247	.15533173898055808	.958918525539658	.3079290249018696
34.5	1.374048825835461	.15626798191821073	.9668906616204634	.30977261007888646
34.6	1.3695135922371615	.15720707905359846	.974903991293941	.31162266322238985
34.7	1.3649586007390626	.15814901349337734	.9829584216682248	.31347915708950563
34.8	1.36038391471791	.15909376804654693	.9910538559586846	.31534206383182994
34.9	1.3557895994484574	.16004132522445053	.9991901934879286	.3172113549954299
35	1.351175722103469	.1609916672407747	1.0073673296858	.31908700152084263
35.1	1.346542351753717	.16194477601154966	1.0155851560893785	.32096897374307576
35.2	1.3418895593679832	.16290063315514913	1.0238435603429816	.32285724139160765
35.3	1.3372174178130583	.1638592199922903	1.0321424261981613	.32475177359038676
35.4	1.3325260018537413	.1648205175460341	1.0404816335137093	.3266525388578327
35.5	1.3278153881528414	.16578450654178473	1.048861058255651	.32855950510683485
35.6	1.323085655271176	.16675116740729007	1.0572805724972498	.3304726396447535
35.7	1.3183368836675724	.16772048027264147	1.065740044419005	.3323919091734192
35.8	1.3135691556988665	.16869242497027379	1.0742393383086526	.334317279789133
35.9	1.3087825556199022	.16966698103496552	1.0827783145611665	.33624871698266684
36	1.303977169583534	.1706441277038386	1.091356829678755	.3381861856392626
36.1	1.2991537535664517	.171623765958267	1.0999732494028027	.340129461348537
36.2	1.2943129013279426	.17260581563697563	1.108626300918849	.3420783654574387
36.3	1.2894538261800805	.17359035762379163	1.1173177847550144	.3440331092220852
36.4	1.2845766426890288	.17457736753502104	1.1260474954922692	.34599364922355824
36.5	1.279681467914971	.17556682061974885	1.13481522249204	.3479599412690357
36.6	1.2747684214121116	.17655869175983913	1.1436207498962103	.34993194039179176
36.7	1.269837625228675	.177552955469935	1.1524638566271217	.35190960085119716
36.8	1.2648892039069062	.1785495858974586	1.1613443163875716	.3538928761327187
36.9	1.2599232844830701	.17954855682261128	1.170261897660817	.35588171894791987
37	1.2549399964874524	.18054984165837334	1.17921636371057	.3578760812344603
37.1	1.2499394719443593	.18155341345050413	1.1882074725810001	.35987591415609604
37.2	1.244921845372117	.18255924487754208	1.1972349770967352	.36188116810267934
37.3	1.2398872537830727	.18356730825080458	1.2062986248628584	.3638917926901587
37.4	1.2348358366835925	.18457757551438836	1.2153981582649127	.36590773676057964
37.5	1.2297677360740646	.1855900182451689	1.2245333144688964	.36792894838208334
37.6	1.2246830964488964	.18660460765280093	1.2337038254212649	.36995537484890745
37.7	1.2195820647965163	.18762131457971815	1.242909417848932	.37198696268138615
37.8	1.2144647905993735	.18864010950113322	1.252149813259267	.37402365762594975
37.9	1.2093314258339356	.18966096252503817	1.2614247279400987	.3760654046551252
38	1.2041821249706928	.19068384339220382	1.2707338729597115	.37811214796753556
38.1	1.1990170449741544	.19170872147618012	1.280076954166847	.3801638309879003
38.2	1.1938363453028504	.1927355657832961	1.2894536721907048	.3822203963670353
38.3	1.1886407705547963	.19376427588063908	1.2988624457352067	.3842816099721203
38.4	1.1834310006447468	.19479475893187312	1.3083018354850884	.38634725718982754
38.5	1.1782063727002647	.19582708121514558	1.3177733447157307	.3884175290251495
38.6	1.172967075223836	.1968612080074248	1.3272766113962104	.39049235927312675
38.7	1.1677132997580817	.1978971041537168	1.336811267079401	.3925716807899218
38.8	1.1624452408857595	.1989347340670652	1.346376936901973	.39465542549281896
38.9	1.1571630962297617	.1999740617285514	1.355973239584396	.39674352436022486
39	1.1518670664531163	.2010150506872944	1.3655997874309351	.39883590743166764
39.1	1.1465573552589876	.20205766406045078	1.3752561863296533	.40093250380779755
39.2	1.1412341693906751	.20310186453321488	1.3849420357524111	.40303324165038673
39.3	1.1358977186316144	.20414761435881856	1.3946569287548651	.405138048182329
39.4	1.1305482158053755	.20519487535853162	1.4044004519764717	.4072468496876409
39.5	1.1251858767756648	.20624360892166124	1.4141721856404823	.40935957151145996
39.6	1.1198109204463247	.20729377600555235	1.4239717035539465	.4114761380600461
39.7	1.1144235687613326	.20834533713558753	1.4337985731077107	.41359647280078105
39.8	1.1090240467048023	.209398252405187	1.4436523552764189	.4157204982621684
39.9	1.1036125823009817	.21045248147580878	1.4535326046185133	.4178481360338341
40	1.0981894066142555	.21150798357694836	1.4634388692762323	.41997930676652545
40.1	1.092754753749144	.21256471750613898	1.4733706909756117	.4221139301721121
40.2	1.0873088608503028	.2136226416289515	1.4833276050264845	.4242519250235852
40.3	1.0818519681025234	.21468171387899443	1.4933091403224807	.42639320915505813
40.4	1.076384318730732	.21574189175791406	1.50331481934103	.42853769946176634
40.5	1.0709064843780705	.21680309834365172	1.513343448567884	.4306852021777091
40.6	1.0654190489952724	.21786525531402962	1.5233938078623808	.43283551947288246
40.7	1.0599217624543429	.2189283713674151	1.533466496233212	.43498873486741413
40.8	1.0544148913464655	.21999240110696136	1.5435609860558845	.4371447577222922
40.9	1.0488987056240702	.22105729867031348	1.5536767425894333	.439303496351344
41	1.0433734786008355	.22212301772960785	1.5638132239764149	.44146485802123414
41.1	1.0378394869516876	.22318951149147262	1.5739698812429137	.44362874895146565
41.2	1.0322970107127998	.2242567326970274	1.5841461582985388	.4457950743143797
41.3	1.0267463332815931	.22532463362188343	1.594341491936423	.4479637382351558
41.4	1.0211877414167359	.22639316607614368	1.6045553118332274	.4501346437918115
41.5	1.0156215252381442	.22746228140440256	1.6147870405491362	.45230769301520257
41.6	1.0100479782269816	.2285319304857461	1.625036093527859	.4544827868890229
41.7	1.0044673972256597	.22960206373375197	1.635301879096632	.4566598253498046
41.8	.9988800824378373	.2306726310964893	1.6455837984662143	.4588387072869178
41.9	.9932863374284201	.23174358205651904	1.6558812457308933	.46101933054257105
42	.9876864691235625	.23281486563089357	1.6661936078684803	.4632015919118111
42.1	.9820807878106657	.23388643037115686	1.6765202647403106	.4653853871425225
42.2	.9764696071383788	.23495822436334451	1.6868605890912467	.4675706109354283
42.3	.9708532441165989	.23603019522798366	1.6972139465496747	.46975715694408937
42.4	.9652320191164693	.2371022901200932	1.7075796956275084	.4719449177749053
42.5	.9596062558703818	.23817445572918344	1.717957187720185	.47413378498711356
42.6	.953976281471976	.23924663827925638	1.7283457671066673	.4763236490927897
42.7	.9483423038912906	.2403188133761504	1.7387450197008396	.4785144189975892
42.8	.9427045114575202	.24139096176538996	1.7491545710144818	.48070600621088777
42.9	.9370634467924992	.24246297821134977	1.7595733267451625	.48289826549522163
43	.9314194459841371	.24353480816055822	1.770000611744801	.48509108388043537
43.1	.9257728483539812	.24460639662513142	1.7804357440080008	.487284347369466
43.2	.9201239964572177	.2456776881827732	1.7908780346720494	.4894779409383426
43.3	.9144732360826707	.24674862697677488	1.8013267880169168	.4916717485361868
43.4	.908820916252802	.24781915671601581	1.8117813014652604	.49386565308521224
43.5	.9031673892237125	.24888922067496272	1.8222408655824172	.4960595364807251
43.6	.8975130104851412	.24995876169367004	1.8327047640764103	.4982532795911234
43.7	.8918581387604652	.2510277221777799	1.843172273797946	.5004467622578979
43.8	.8862031360067002	.25209604409852215	1.853642664740413	.5026398632956312
43.9	.8805483674144993	.2531636689927143	1.8641152000398873	.5048324604919985
44	.8748942014081549	.25423053796276146	1.8745891359751252	.507024430607767
44.1	.869241009645597	.2552965916766564	1.8850637219675688	.5092156493767964
44.2	.8635891670183946	.25636177036797975	1.8955382005813426	.5114059915060385
44.3	.8579390516517545	.25742601383589947	1.9060118075232548	.5135953306755372
44.4	.8522910449045212	.2584892614451716	1.9164837716428	.5157835395384291
44.5	.8466455313691784	.2595514521261395	1.926953314932154	.517970489720943
44.6	.8410028988718478	.26061252437473437	1.9374196525261764	.5201560518223993
44.7	.8353635384722891	.2616724162524751	1.9478819927024122	.5223400954152115
44.8	.8297278444639011	.26273106538646807	1.9583395368810876	.5245224890448847
44.9	.8240955074862224	.2637885176756333	1.9687929872099437	.5267032915360079
45	.8184659631827982	.2648448582954211	1.979243589707881	.5288826305713228
45.1	.8128409059910076	.2658998251234192	1.989687773084551	.5310600223811285
45.2	.8072207159578061	.26695335822901933	2.0001247693000503	.5332353387593318
45.3	.8016057755840436	.26800539736711115	2.010553805120128	.5354084506839554
45.4	.7959964698244618	.26905588197808245	2.0209741021161873	.5375792283171374
45.5	.7903931860876972	.2701047511878189	2.031384876665281	.5397475410051322
45.6	.7847963142362793	.2711519438077042	2.041785339950115	.5419132572783092
45.7	.7792062465866308	.27219739833462003	2.052174697959047	.5440762448511538
45.8	.7736233779090689	.27324105295094614	2.062552151486086	.5462363706222674
45.9	.7680481054278023	.27428284552456034	2.0729168961308955	.5483935006743671
46	.7624808288209347	.27532271360883825	2.083268122298789	.5505475002742855
46.1	.7569219502204628	.27636059444265376	2.0936050152007324	.552698233872971
46.2	.7513718742122768	.27739642495037853	2.1039267548533434	.5548455651054879
46.3	.7458310078361604	.2784301417418823	2.114232516078892	.556989356791016
46.4	.74029976058579	.2794616811125329	2.1245214685053013	.5591294709328511
46.5	.7347785444087361	.28049097904319614	2.1347927765661456	.5612657687184047
46.6	.729267773706463	.28151797120023575	2.1450455995006505	.5633981105192039
46.7	.7237678653343276	.28254259293551354	2.1552790913536954	.5655263558908916
46.8	.718279238601581	.28356477928638923	2.1654924009758094	.5676503635732262
46.9	.712802315271367	.2845844649757208	2.1756846720231766	.5697699914900826
47	.707337519560723	.28560158441186395	2.185855042957631	.5718850967494505
47.1	.7018839752645716	.2866162581299635	2.1960054326993466	.57399591141108
47.2	.6964400733943558	.2876287115629801	2.2061393269702183	.5761028787715667
47.3	.6910088404752975	.28863850683944847	2.2162503004467102	.5782051050724215
47.4	.6855906573530411	.28964558472076074	2.2263375845312368	.580302459497962
47.5	.6801859058005169	.2906498858722639	2.236400408695874	.5823948108569161
47.6	.6747949685179396	.2916513508632607	2.24643800048236	.584482027582423
47.7	.6694182291328091	.29264992016700914	2.2564495855020965	.5865639777320331
47.8	.6640560721999108	.29364553416072237	2.2664343874361466	.588640528987707
47.9	.6587088832013134	.2946381331255693	2.276391628035238	.5907115486558174
48	.6533770485463721	.295627657246674	2.2863205271197593	.5927769036671469
48.1	.6480609555717267	.2966140466131159	2.296220302579762	.5948364605768897
48.2	.6427609925413017	.2975972412179298	2.30609017037496	.5968900855646505
48.3	.637477548646307	.2985771809581058	2.3159293445347306	.5989376444344452
48.4	.6322110140052366	.2995538056345897	2.3257370371581136	.6009790026147009
48.5	.6269617796638702	.30052705495228227	2.3355124584138105	.6030140251582552
48.6	.6217302375952724	.3014968685200399	2.3452548165401863	.6050425767423568
48.7	.6165167806997925	.3024631858506741	2.354963317845267	.6070645216686655
48.8	.6113218028050653	.303425946360952	2.364637166706743	.6090797238632517
48.9	.6061456986660095	.30438508937159603	2.374275565571968	.6110880468765975
49	.6009888639648296	.305340554107284	2.3838777149579555	.6130893538835951
49.1	.595851695311015	.30629227969664896	2.3934428134513834	.615083507683548
49.2	.5907345902413398	.30724020517227946	2.4029700577085915	.6170703707001708
49.3	.5856362405648475	.308184510745158	2.412462255379227	.6190503271269804
49.4	.5805539924721224	.3091255668950386	2.4219250627686364	.621024172753069
49.5	.5754919656185321	.3100627865536749	2.4313497970479796	.6229906309567543
49.6	.5704504870109315	.3109961188648536	2.4407358043135066	.6249495853725863
49.7	.5654298824514448	.3119255131777256	2.450082433244526	.6269009199118091
49.8	.560430476537466	.31285091904680584	2.459389035103404	.6288445187623604
49.9	.5554525926616579	.31377228623197373	2.4686549637355664	.6307802663888724
50	.5504965530119537	.31468956469847253	2.477879575569495	.632708047532671
50.1	.5455626785715558	.31560270461690976	2.48706222961673	.6346277472117756
50.2	.5406512891189362	.3165116563632571	2.4962022874718706	.6365392507209001
50.3	.535762703227837	.3174163705188503	2.5052991133125713	.638442443631452
50.4	.5308972382672686	.31831679787038947	2.5143520738995484	.6403372117915329
50.5	.5260552104015122	.3192128894099387	2.5233605385765734	.6422234413259384
50.6	.5212369345901178	.3201045963349262	2.532323879270476	.6441010186361578
50.7	.5164427245879054	.32099187004814456	2.541241470491144	.6459698304003744
50.8	.5116728929449648	.32187466215775024	2.5501126893315247	.6478297635734653
50.9	.5069277510066542	.3227529244772641	2.558936915467621	.6496807053870021
51	.5022076089136027	.32362660902557105	2.5677135311584958	.6515225433492497
51.1	.49751277560170815	.3244956680269201	2.576441921246268	.653355165245167
51.2	.49284355880213837	.32536005391092454	2.585121473156116	.6551784591364074
51.3	.4882002650413309	.3262197193125616	2.593751576896275	.6569923133613174
51.4	.48358319964099183	.327074617072173	2.6023316250580395	.6587966165349382
51.5	.47899096253177964	.3279249483193306	2.610864533320737	.6605918227505903
51.6	.4744203721645912	.32877117354931434	2.619356897635657	.662378976815062
51.7	.46987580799387535	.32961265260786343	2.627799694541113	.6641566157691001
51.8	.46535749119943964	.33044935070407616	2.6361924908258936	.6659246556423679
51.9	.4608656394771078	.33128123358421324	2.6445348605703205	.6676830134971483
52	.4564004670387216	.3321082675316974	2.6528263851462492	.6694316074283424
52.1	.4519621846121396	.3329304193671138	2.661066653217067	.6711703565634708
52.2	.4475509994412373	.3337476564482098	2.6692552607376965	.672899181062673
52.3	.44316711528590763	.33455994666989486	2.677391810954593	.6746180021187071
52.4	.4388107324220597	.335367258464241	2.6854759144057465	.6763267419569511
52.5	.43448204764162063	.3361695608004822	2.6935071889206794	.6780253238354008
52.6	.4301812542525343	.3369668231850148	2.701485259620448	.6797136720446719
52.7	.4259085420787616	.33775901566139743	2.709409758917643	.6813917119079986
52.8	.42166409746028083	.3385461088103508	2.7172803265163865	.6830593697812342
52.9	.41744810325308646	.3393280737497581	2.7250966094123372	.6847165730528508
53	.41326073882919095	.34010488213466467	2.7328582618926847	.6863632501439402
53.1	.4091021800766235	.34087650615727805	2.7405649455361534	.6879993305082122
53.2	.4049725993994304	.34164291854696804	2.748216329213002	.6896247446319961
53.3	.4008721657176753	.34240409257026666	2.7558120890850204	.6912394240342401
53.4	.396801044467438	.3431600020308684	2.763351908605535	.6928433012665115
53.5	.3927593976008164	.3439106212696297	2.7708354785194036	.6944363099129963
53.6	.3887473835859249	.3446559251645694	2.778262496863019	.6960183845904998
53.7	.3847639503528665	.34539607718584864	2.78563504633305	.6975899140340476
53.8	.380806427125498	.34613149298701634	2.792958398199426	.6991518943088754
53.9	.37687814595603	.34686165299541305	2.8002260012141083	.7007030679545729
54	.3729791909715842	.347586543648613	2.807437701551187	.7022433963923554
54.1	.36910964107868866	.3483061521919109	2.814593356096649	.7037728427279196
54.2	.36526956996327786	.34902046667832176	2.8216928324483783	.7052913717514434
54.3	.361459046090693	.34972947596858095	2.8287360089161555	.7067989499375864
54.4	.3576781327056812	.35043316973114436	2.8357227745216607	.7082955454454898
54.5	.3539268878323967	.35113153844218803	2.842653028998469	.709781128118776
54.6	.35020536427439986	.3518245733856085	2.849526682792053	.7112556694855492
54.7	.3465136096146578	.3525122666530227	2.8563436570597833	.7127191427583947
54.8	.3428516662155443	.35319461114376777	2.8631038836709264	.7141715228343792
54.9	.3392195712188388	.3538716005649014	2.869807305206648	.7156127862950517
55	.335617356545728	.35454322943120153	2.87645387496001	.7170429114064416
55.1	.332045048896805	.35520949306516647	2.88304355693597	.7184618781190606
55.2	.3285026697520692	.355870387597015	2.889576325851386	.7198696680679011
55.3	.32499023537092697	.3565259099646861	2.896052167135009	.7212662645724375
55.4	.3215077567921902	.3571760579138392	2.9024710769274913	.7226516526366258
55.5	.3180552398340782	.35782082999785425	2.9088330620813805	.724025818948903
55.6	.3146326850942164	.3584602255778313	2.9151381401611216	.725388751882188
55.7	.3112400879496368	.35909424482259095	2.921386339443056	.7267404414938806
55.8	.3078774385567782	.359722888708674	2.927577698915423	.7280808795258626
55.9	.30454434191242014	.36034623327198845	2.9337128743500616	.7294102667315336
56	.30123976003037767	.36096447999432313	2.9397935495773284	.7307291535661131
56.1	.29796477763307383	.36157741530311466	2.94581802470656	.7320369309903256
56.2	.29471934343976713	.3621850474228195	2.951786414362226	.7333336087004272
56.3	.29150340035786326	.36278738550116457	2.957698844823861	.7346191983997967
56.4	.2883168854829139	.36338443960914746	2.9635554540260634	.7358937137989364
56.5	.28515973009861806	.3639762207410361	2.9693563915584944	.7371571706154716
56.6	.28203185967682154	.3645627408143689	2.9751018186658795	.7384095865741502
56.7	.2789331938775167	.3651440126699549	2.980791908248008	.7396509814068436
56.8	.275863646548843	.3657200500718734	2.986426844859732	.7408813768525456
56.9	.27282312572708595	.36629086770747454	2.992006824710969	.7421007966573738
57	.26981153363667854	.3668564811873787	2.9975320556666976	.7433092665745682
57.1	.2668287666902003	.3674169070454768	3.0030027572469633	.7445068143644921
57.2	.26387471548837743	.36797216273893035	3.0084191606268718	.7456934697946316
57.3	.26094926482008335	.36852226664817117	3.013781508636595	.746869264639596
57.4	.2580522936623373	.36906723807690184	3.0190900557613682	.7480342326811177
57.5	.2551836751803062	.36960709725209523	3.0243450681414887	.7491884097080519
57.6	.2523432767273034	.3701418653239948	3.0295468235723204	.7503318335163769
57.7	.24953095984478896	.3706715643661144	3.0346956115042873	.7514645439091941
57.8	.24674658026237	.3711962173752385	3.0397917330428794	.7525865826967276
57.9	.24398998789779988	.37171584827142207	3.0448355009486514	.7536979936963248
58	.24126102685697914	.37223048189799046	3.049827239637218	.7547988227324565
58.1	.23855996765872406	.37274009412438736	3.054766251745679	.7558890419372037
58.2	.23588797326088137	.37324455804690687	3.0596497038812522	.7569684681308055
58.3	.23324346309997912	.37374406373341995	3.0644813200692194	.7580373996209436
58.4	.23062628347634181	.37423863678326214	3.069261410514952	.7590958858047168
58.5	.22803627561067438	.37472830363450843	3.0739902953281404	.7601439779581037
58.6	.22547327564406133	.3752130915639736	3.0786683045227994	.761181729235964
58.7	.2229371146379671	.3756930286872119	3.0832957780172627	.7622091946720368
58.8	.22042761857423596	.37616814395851716	3.0878730656341866	.7632264311789424
58.9	.21794460835509163	.3766384671709231	3.092400527100549	.7642334975481804
59	.21548789980313812	.37710402895620265	3.0968785320476475	.7652304544501317
59.1	.2130573036613591	.3775648607848686	3.1013074600111024	.7662173644340565
59.2	.21065262559311806	.37802099496617336	3.105687700430855	.7671942919280961
59.3	.20827366618215848	.37847246464810874	3.110019652651167	.7681613032392718
59.4	.20592022093260315	.3789193038174064	3.114303725920622	.7691184665534847
59.5	.20359208026895526	.37936154729953747	3.1185403393921263	.770065851935517
59.6	.2012890295360975	.3797992307587127	3.122729922122904	.7710035313290307
59.7	.1990108489992926	.38023239069788245	3.126872913074504	.7719315785565682
59.8	.1967573138441831	.3806610644587367	3.130969761112794	.7728500693195521
59.9	.19452819417679093	.38108529022170506	3.135020925007965	.7737590811982854
60	.19232325502351838	.38150510700595675	3.1390268734345277	.7746586936519515
60.1	.1901422563311473	.3819205546694005	3.142988084971315	.7755489880186135
60.2	.18798495296683954	.3823316739086848	3.1469050481014804	.7764300475152155
60.3	.18585200595332652	.3827383726840665	3.1507763434181397	.7773016804470372
60.4	.18374639842562152	.38314021865872266	3.154595663588232	.7781629901064055
60.5	.18166454128771045	.38353774299286014	3.1583705324731373	.7790150764573471
60.6	.1796062278916986	.3839309811182748	3.162101354415043	.7798580123706027
60.7	.17757124820339312	.3843199690572832	3.165788540096673	.7806918720814409
60.8	.17555938880230293	.38470474342272293	3.1694325065412934	.7815167311896591
60.9	.17357043288163843	.38508534141795214	3.173033677112709	.7823326666595835
61	.1716041602483122	.38546180083685005	3.1765924815152617	.7831397568200681
61.1	.16966034732293847	.3858341600638165	3.180109355793837	.7839380813644957
61.2	.16773876713983327	.3862024580737722	3.1835847423338572	.7847277213507775
61.3	.16583918934701447	.3865667344321586	3.187019089861286	.7855087592013532
61.4	.1639613802062014	.3869270292949381	3.190412853442624	.7862812787031903
61.5	.16210510259281558	.3872833834085938	3.1937664944849145	.7870453650077859
61.6	.16027011599598018	.3876358381101297	3.197080480735738	.7878011046311644
61.7	.1584561765185201	.3879844353270705	3.200355286283216	.7885485854538794
61.8	.1566630368769622	.38832921757746175	3.2035913915560084	.7892878967210123
61.9	.15489044640153476	.3886702279698699	3.2067892833233165	.7900191290421735
62	.15313815103616818	.3890075102033821	3.2099494546948795	.7907423743915016
62.1	.15140589333849458	.38934110856760623	3.2130724051209754	.7914577261076637
62.2	.1496934124798478	.38967106794267126	3.216158640392424	.7921652788938551
62.3	.1480004442452636	.38999743379922674	3.219208672640584	.7928651288177998
62.4	.1463267210334792	.3903202521984431	3.2222230203373528	.79355737331175
62.5	.14467293549263477	.39063941508782635	3.2252002877351877	.7942417736827756
62.6	.14304279273092135	.390954330834828	3.228133074738813	.7949170363764417
62.7	.1414320315736536	.3912656867782701	3.2310298579275663	.795584658011584
62.8	.1398404396717986	.39157352029651754	3.2338910440198108	.7962447173839622
62.9	.13826780327221486	.3918778690402309	3.2367170421238756	.7968972939596524
63	.13671390721765306	.3921787709323664	3.2395082637380543	.7975424678750449
63.1	.13517853494675558	.39247626416817594	3.242265122750605	.7981803199368454
63.2	.13366146849405666	.39277038721520713	3.244988035439752	.7988109316220752
63.3	.13216248848998235	.3930611788133031	3.247677420473683	.7994343850780697
63.4	.1306813741608503	.393348677974603	3.2503336989105502	.8000507631224805
63.5	.12921790332887015	.3936329239835413	3.252957294198474	.8006601492432736
63.6	.12777185241214334	.3939139563968485	3.2555486321755343	.8012626275987302
63.7	.12634299642466315	.3941918150435505	3.2581081410697816	.8018582830174468
63.8	.12493110897631465	.394466540024969	3.2606362514992266	.802447200998335
63.9	.1235359622728745	.39473817171472136	3.2631333964718463	.8030294677106213
64	.12215732711601145	.3950067507587207	3.2656000113855845	.8036051699938476
64.1	.12079497290328603	.3952723180751757	3.2680365340283477	.8041743953578708
64.2	.11944866762815025	.3955349148545909	3.2704434045780073	.8047372319828631
64.3	.11811817787994852	.39579458255976624	3.2728210656024013	.8052937687193109
64.4	.11680326884391636	.3960513629257977	3.2751699620593295	.8058440950880172
64.5	.1155037043011818	.39630529796007663	3.27749054129656	.8063883012800992
64.6	.11421924662876418	.39655642994229023	3.2797832530518236	.8069264781569889
64.7	.11295023967817236	.396804715298109	3.2820473638260927	.8074585141636798
64.8	.11169926462104231	.3970497799309504	3.284277588746808	.8079835183984381
64.9	.11046332404466319	.3972920741023134	3.286479989810246	.8085025438328368
65	.10924222126383029	.3975316343022042	3.2886549316186113	.8090156677891358
65.1	.10803575953127918	.39776849709462353	3.2908027784342284	.8095229677923135
65.2	.10684374203768629	.39800269911756614	3.2929238941795393	.8100245215700657
65.3	.10566597191166943	.3982342770830208	3.295018642437103	.8105204070528067
65.4	.10450225221978654	.3984632677769705	3.297087386449599	.8110107023736686
65.5	.1033523859665371	.3986897080593923	3.2991304891198228	.811495485868501
65.6	.10221617609436096	.39891363486425746	3.30114831301069	.8119748360758718
65.7	.10109342548363878	.3991350851995312	3.303141220345232	.8124488317370673
65.8	.09998393695269257	.39935409614717315	3.305109573006601	.8129175517960906
65.9	.09888751325778457	.3995707048631368	3.3070537325380656	.8133810753996639
66	.09780395709311844	.3997849485773698	3.308974060143013	.8138394818972265
66.1	.0967330710908383	.39999686459381406	3.3108709166849497	.8142928508409362
66.2	.09567465782102903	.40020649029040556	3.312744662687498	.8147412619856684
66.3	.09462851979171691	.4004138631190743	3.3145956583343996	.8151847952890168
66.4	.09359445944886836	.40061902060574456	3.316424263469516	.8156235309112925
66.5	.09257227917639134	.4008220003503346	3.3182308375968246	.8160575492155248
66.6	.09156178129613415	.401022840026757	3.3200157398804206	.8164869307674614
66.7	.09056276806788598	.4012215773829182	3.321779329144521	.816911756335567
66.8	.08957504168937724	.401418250240719	3.3235219638734557	.8173321068910253
66.9	.08859879473740755	.40161280608505806	3.325243386024741	.8177478743387623
67	.08763619381059237	.40180473535369926	3.3269402217535102	.8181579938359291
67.1	.08668502434296656	.40199454305153137	3.328616011049628	.8185635245114367
67.2	.08574516837002913	.4021822487516243	3.3302709846476537	.8189645093251079
67.3	.08481651135297281	.40236787129341384	3.331905367437957	.8193609897487717
67.4	.08389894217868309	.40255142878270217	3.3335193784667227	.8197530057662635
67.5	.08299235315973921	.40273293859165754	3.335113230935945	.8201405958734255
67.6	.08209664003441335	.40291241735881445	3.336687132203431	.8205237970781056
67.7	.08121170196667091	.4030898809890735	3.338241283782801	.8209026449001587
67.8	.08033744154617099	.40326534465370145	3.3397758813434866	.8212771733714459
67.9	.07947376478826544	.4034388227903312	3.3412911147107307	.8216474150358346
68	.07862058113399989	.40361032910296196	3.34278716786559	.8220134009491984
68.1	.07777780345011287	.40377987656195896	3.3442642189449314	.8223751606794178
68.2	.07694534802903617	.40394747740405373	3.3457224402414343	.8227327223063795
68.3	.07612313458889525	.40411314313234376	3.347161998203592	.8230861124219764
68.4	.07531060348027696	.40427700267452044	3.348583798241829	.8234355888627019
68.5	.07450738981203385	.40443913739814064	3.349988444753226	.8237813157443512
68.6	.073713906444238	.4045994384296408	3.351375341737077	.8241230824277095
68.7	.07293005651689168	.4047579217484929	3.3527446789795246	.8244609241497343
68.8	.07215574530555324	.4049146029162816	3.3540966424128187	.8247948752813057
68.9	.07139088022133648	.40506949707670453	3.355431414115322	.8251249693272265
69	.07063537081091137	.405222618955572	3.3567491723115035	.8254512389262221
69.1	.06988912875650338	.40537398286080734	3.358050091371944	.8257737158509415
69.2	.06915206787589383	.40552360268244664	3.3593343418133363	.826092431007956
69.3	.06842410412242012	.4056714918926388	3.360602090298478	.8264074144377596
69.4	.06770515558497502	.40581766354564563	3.3618534996362808	.8267186953147689
69.5	.06699514248800757	.4059621302778417	3.363088728781764	.8270263019473245
69.6	.0662939871915223	.4061049043077145	3.364307932836058	.8273302617776882
69.7	.0656016141910795	.4062459974358643	3.3655112630464026	.827630601382046
69.8	.06491795011779561	.4063854210450042	3.3666988668061473	.8279273464705057
69.9	.06424200757301196	.4065234019854316	3.36787233334666	.8282209586522116
70	.06357409254146132	.406659862419532	3.3690312104802693	.8285112830913739
70.1	.06291435201760358	.4067947620595423	3.370175296418987	.8287982408999257
70.2	.062262687821863526	.4069281184759177	3.371304775770881	.8290818702240604
70.3	.06161900253756369	.4070599491446798	3.3724198314561624	.8293622089982837
70.4	.06098319951092375	.40719027144741676	3.3735206447071775	.8296392949454143
70.5	.060355182851061236	.40731910267128324	3.374607395068415	.8299131655765832
70.6	.05973485742999091	.40744646000900014	3.375680260396501	.8301838581912344
70.7	.059122128882625045	.4075723605588551	3.376739416860201	.8304514098771241
70.8	.05851690360677367	.4076968213247019	3.377785038940421	.8307158575103211
70.9	.057919088763143944	.4078198592159611	3.3788172994302053	.8309772377552077
71	.057328592275340894	.4079414910476194	3.379836369434736	.8312355870644779
71.1	.05674532282986679	.4080617335402302	3.380842418371337	.8314909416791385
71.2	.056169189876121385	.4081806033199132	3.3818356139694696	.8317433376285092
71.3	.055600090548865846	.40829811949237405	3.3828161459434716	.8319928159554315
71.4	.055037775226938465	.4084143301046535	3.3837844693559056	.8322394764331057
71.5	.0544822837930515	.4085292262771785	3.3847405149074166	.8324833032548233
71.6	.053933523910202286	.408642825210585	3.385684452333675	.832724333536204
71.7	.05339140379937925	.4087551440514062	3.38661645005341	.8329626042630516
71.8	.052855832239562084	.4088661998920735	3.3875366751684073	.8331981522913541
71.9	.05232671856772126	.40897600977091564	3.3884452934635094	.8334310143472836
72	.051803972678818595	.4090845906721591	3.3893424694066185	.8336612270271968
72.1	.05128750502580676	.4091919595259281	3.3902283661486914	.8338888267976344
72.2	.050777226619629474	.4092981332082445	3.3911031455237444	.8341138499953211
72.3	.05027304902922175	.40940312854102795	3.39196696804885	.8343363328271666
72.4	.049774884381509364	.40950696229209566	3.392819992924138	.8345563113702641
72.5	.04928264536140945	.40960965117516257	3.393662378032796	.8347738215718912
72.6	.04879624521182998	.4097112118498414	3.3944942799410702	.8349888992495103
72.7	.048315597733669995	.4098116609216423	3.3953158538982615	.8352015800907672
72.8	.04784072291317218	.409910987040166	3.396127106240135	.8354118426001331
72.9	.04737164111378106	.41000917884866667	3.396928042238134	.8356196652499146
73	.046908131014519246	.41010628892541473	3.397719004340102	.8358251572269632
73.1	.04645011639209207	.4102023316139503	3.3985001317068435	.8360283495169181
73.2	.045997521904888664	.41029732111820666	3.3992715617299156	.8362292728007636
73.3	.04555027309298221	.4103912715025102	3.400033430031625	.8364279574548299
73.4	.045108296378129464	.41048419669158076	3.4007858704650284	.8366244335507917
73.5	.04467151906377125	.410576110470531	3.401529015113934	.8368187308556703
73.6	.044239869335032045	.41066702648486714	3.4022629942929004	.8370108788318315
73.7	.04381327625872016	.4107569582404883	3.4029879365472384	.8372009066369872
73.8	.04339166978332791	.410845919103687	3.4037039686530077	.8373888431241941
73.9	.042974980739031214	.41093392230114884	3.40441121561702	.8375747168418552
74	.04256314083769005	.4110209809199526	3.4051098006768368	.8377585560337182
74.1	.04215608267284804	.4111071079075704	3.4057998453007716	.8379403886388767
74.2	.04175373971973266	.4111923160718673	3.406481469187888	.8381202422917691
74.3	.04135614654999086	.41127658832465086	3.407154670057064	.8382980835462346
74.4	.04096321036751086	.41135994551883126	3.407819597697436	.8384739564292516
74.5	.04057483408634365	.4114424099032758	3.408476406332304	.8386479077994509
74.6	.04019095869661906	.41152399254322825	3.409125203799795	.8388199616540006
74.7	.039811526234705415	.4116047043154651	3.409766095971397	.838990141585619
74.8	.03943647978320968	.41168455590829517	3.4103991867519596	.8391584707825743
74.9	.03906576347097709	.41176355782155977	3.4110245780796973	.8393249720286853
75	.03869932247309153	.41184172036663275	3.411642369926182	.8394896677033196
75.1	.038337103010875256	.4119190536664205	3.4122526602963523	.8396525797813965
75.2	.03797905235188898	.4119955676553619	3.4128555452285037	.8398137298333845
75.3	.03762511880993204	.41207127207942806	3.4134511187942986	.8399731390253025
75.4	.03727525174504205	.41214617649612295	3.4140394730987587	.840130828118719
75.5	.036929401563495313	.4122202902744828	3.4146206982802676	.8402868174707534
75.6	.036587519717806445	.41229362259507646	3.415194882510571	.8404411270340746
75.7	.03624955701988992	.41236618269377495	3.415762115550293	.8405937768726959
75.8	.03591536349138491	.41243799433466216	3.4163226998442244	.8407448177853099
75.9	.03558497266542753	.41250905472478805	3.416876551270602	.840894244372721
76	.03525833737748707	.41257937269577616	3.417423756040667	.8410420758265822
76.1	.0349354113902843	.4126489569079776	3.4179643986498247	.8411883309704793
76.2	.03461614939379164	.4127178158504711	3.4184985618776427	.8413330282599323
76.3	.03430050700523329	.41278595784106314	3.419026326787849	.8414761857823936
76.4	.03398844076908492	.4128533910262877	3.419547772728336	.8416178212572495
76.5	.033679908157074015	.4129201233814063	3.420062977331158	.8417579520358198
76.6	.03337486756817957	.4129861627104082	3.420572016512529	.8418965951013575
76.7	.033073278328632216	.41305151664601025	3.4210749644728278	.842033767069049
76.8	.03277510069191436	.4131161926496568	3.421571893696594	.8421694841860137
76.9	.03248029583875988	.41318019801152006	3.4220628749525304	.8423037623313052
77	.03218882587715447	.4132435398504995	3.422547977293502	.8424366170159097
77.1	.03190065384233534	.41330622511422255	3.423027268056534	.8425680633827473
77.2	.031615683759139625	.41336827201686854	3.423500922363819	.842698140205657
77.3	.03133378834666064	.4134297047523255	3.423969172508656	.8428268987964767
77.4	.031055035422994016	.41349051028966477	3.4244318943331997	.8429543123527686
77.5	.03077938648889277	.41355069589203275	3.424889157890539	.843080396644676
77.6	.03050680375261462	.41361026869323725	3.425341031919382	.8432051671622613
77.7	.03023725012992214	.4136692356977479	3.42578758384406	.843328639115507
77.8	.029970689244082853	.4137276037806957	3.426228879774522	.8434508274343153
77.9	.029707085425868977	.4137853796878735	3.426664984506341	.8435717467685082
78	.02944640371355771	.41384257003573566	3.4270959615207093	.8436914114878278
78.1	.029188609852930984	.4138991813113981	3.427521872984441	.8438098356819355
78.2	.028933670297275574	.4139552198726384	3.4279427797499706	.843927033160413
78.3	.028681552207383207	.41401069194789575	3.4283587413553525	.8440430174527619
78.4	.028432223451550293	.41406560363627093	3.4287698160242646	.8441578018084028
78.5	.028185652605578242	.41411996090752634	3.429176060666004	.844271399196677
78.6	.027941808952773185	.4141737696020861	3.4295775308754877	.8443838223068454
78.7	.027700568622747945	.41422705337868804	3.4299744516049318	.8444951215940627
78.8	.02746191406451325	.41427981557217247	3.430366854453724	.8446053044243683
78.9	.027225858727222045	.4143320535956399	3.430754714624528	.8447143656048142
79	.026992370609120943	.4143837735590248	3.43113808993736	.8448223183723587
79.1	.02676141824573526	.41443498147547314	3.4315170372073904	.8449291757528796
79.2	.026532970709869118	.41448568326134216	3.4318916122449394	.8450349505611752
79.3	.026306997611605543	.41453588473620046	3.4322618698554743	.8451396554009625
79.4	.02608346909830624	.414585591622828	3.432627863839616	.845243302664879
79.5	.025862355854611857	.4146348095472161	3.432989646993131	.8453459045344814
79.6	.025643629102441744	.41468354403856733	3.4333472711069404	.8454474729802467
79.7	.025427260600994067	.41473180052929587	3.433700786967112	.8455480197615712
79.8	.025213222646745886	.4147795843550269	3.4340502443548635	.845647556426771
79.9	.02500148807345295	.4148269007545972	3.4343956920465653	.8457460943130821
80	.02479203025214994	.41487375487005484	3.434737177813735	.84584364454666
80.1	.024584823091150246	.41492015174665925	3.4350747484230406	.8459402180425803
80.2	.02437975729613497	.4149661113001966	3.435408607311938	.846035857932938
80.3	.024176866584054935	.41501162788446944	3.4357386886457637	.8461305519660021
80.4	.02397612757963244	.41505670605694467	3.436065034096813	.846224309995864
80.5	.023777513930080547	.4151013509065188	3.4363876909505997	.8463171430266287
80.6	.023580999721462242	.4151455674428924	3.436706705673121	.8464090618894378
80.7	.023386559478690547	.4151893605965702	3.4370221239108574	.8465000772424681
80.8	.023194168165528578	.4152327352188609	3.4373339904907736	.8465901995709333
80.9	.02300380118458937	.4152756960818775	3.437642349420318	.8466794391870828
81	.022815434377336078	.41531824787853683	3.4379472438874212	.8467678062302018
81.1	.022629044024081807	.41536039522256	3.4382487162604987	.8468553106666121
81.2	.022444606843989683	.41540214264847225	3.4385468080884496	.8469419622896714
81.3	.02226209999507293	.41544349461160274	3.4388415601006557	.8470277707197735
81.4	.022081501074194685	.4154844554880848	3.439133012206983	.8471127454043479
81.5	.02190278811706822	.41552502957485593	3.4394212034977807	.8471968956178606
81.6	.02172592523707593	.4155652234615949	3.4397062003310923	.8472802357154927
81.7	.02155085794640485	.41560504680349775	3.439988105483457	.8473627868447863
81.8	.02137759856795659	.41564449821438093	3.440266891103585	.847444545699831
81.9	.02120612533912601	.41568358193101534	3.4405425960424814	.8475255214316263
82	.021036416870874684	.4157223021217582	3.4408152584593124	.8476057230420895
82.1	.02086845214773073	.4157606628865533	3.441084915821408	.8476851593840568
82.2	.020702210527788874	.41579866825693085	3.4413516049042627	.8477638391612825
82.3	.02053767174271054	.4158363221960077	3.4416153617915324	.847841770928439
82.4	.020374815897723664	.4158736285984871	3.4418762218750363	.8479189630911179
82.5	.02021362347162289	.4159105912906588	3.4421342198547586	.847995423905828
82.6	.02005407531676941	.41594721403039925	3.442389389738843	.8480711614799978
82.7	.019896152659091036	.41598350050717103	3.4426417648436	.8481461837719729
82.8	.01973983709808225	.4160194543420236	3.442891377793501	.8482204985910182
82.9	.01958511060680407	.41605507908759265	3.443138260521181	.8482941135973168
83	.019431955531884218	.4160903782281005	3.443382444267438	.8483670363019695
83.1	.019280324541393532	.4161253602475165	3.4436240177748907	.8484392852391505
83.2	.019130198859487777	.41616002880853675	3.4438630145210123	.8485108683168405
83.3	.01898157966233552	.4161943842036237	3.4440994293792624	.848581786015471
83.4	.018834449325729568	.41622842989042863	3.444333293660149	.848652045794482
83.5	.018688790538267802	.41626216926843657	3.4445646381000037	.84872165498682
83.6	.018544586301353052	.4162956056789662	3.4447934928609807	.8487906207989391
83.7	.018401819929193153	.4163287424051698	3.445019887531058	.8488589503108003
83.8	.01826047504880099	.41636158267203355	3.4452438511240366	.8489266504758712
83.9	.018120535599994384	.41639412964637706	3.4454654120795416	.8489937281211273
84	.017981985835396227	.41642638643685387	3.4456845982630213	.8490601899470505
84.1	.01784481032043436	.41645835609395104	3.4459014369657464	.8491260425276298
84.2	.01770899393334162	.41649004160998937	3.446115954904812	.8491912923103617
84.3	.017574521865155908	.41652144591912327	3.4463281782231356	.8492559456162497
84.4	.017441379619720056	.4165525718973411	3.446538132489459	.8493200086398037
84.5	.017309553013681964	.4165834223624645	3.446745842698346	.8493834874490416
84.6	.017178981449069132	.4166140083633277	3.446951421456704	.8494464060709687
84.7	.017049680301603275	.41664432746878854	3.447154838005951	.8495087591221477
84.8	.016921639841548198	.41667438169859333	3.447356108984043	.8495705509305869
84.9	.016794845691707503	.4167041738942449	3.4475552598160424	.8496317876176323
85	.016669283728526496	.41673370684957495	3.447752315464489	.8496924752010362
85.1	.01654494008209204	.41676298331074396	3.447947300429405	.8497526195949567
85.2	.016421801136132622	.41679200597624155	3.448140238748289	.8498122266099577
85.3	.016299853528018406	.4168207774968862	3.448331153996122	.8498713019530082
85.4	.016179084148761107	.4168493004758253	3.4485200692853635	.849929851227484
85.5	.016059480143014133	.4168775774685352	3.448707007265951	.8499878799331662
85.6	.015941028909072456	.41690561098282125	3.448891990125306	.8500453934662413
85.7	.015823718098872678	.4169334034788175	3.4490750395883243	.8501023971193025
85.8	.015707535617993068	.41696095736898725	3.4492561769173866	.8501588960813479
85.9	.01559246962565345	.41698827501812247	3.4494354229123485	.8502148954377818
86	.01547849072260859	.41701536198375894	3.449612831036518	.8502704072298188
86.1	.015365524671532595	.41704223197893975	3.4497885381497673	.8503254612661098
86.2	.015253619266758	.41706887651493124	3.4499624541734413	.8503800389878934
86.3	.015142761816479462	.41709529810523344	3.45013460152684	.8504341458055802
86.4	.015032939862827452	.4171214992192603	3.450305002203392	.8504877870337959
86.5	.014924141186230477	.41714748228154597	3.45047367776254	.8505409678896534
86.6	.014816353809777087	.4171732496709513	3.4506406493216293	.8505936934910235
86.7	.014709566003578006	.41719880371987045	3.4508059375477944	.8506459688548065
86.8	.014603766289128305	.41722414671343694	3.45096956264985	.8506977988952025
86.9	.014498943443669388	.41724928088873053	3.4511315443701736	.8507491884219841
87	.014395086504551216	.4172742084339833	3.4512919019765977	.8508001421387659
87.1	.014292184773594311	.41729893148778624	3.451450654254293	.8508506646412769
87.2	.014190227821451904	.4173234521382958	3.45160781949766	.8509007604156311
87.3	.014089205491972083	.4173477724224401	3.451763415502215	.8509504338365992
87.4	.013989107906559797	.4173718943251255	3.4519174595564763	.8509996891658786
87.5	.013889925468539073	.417395819778443	3.4520699684338543	.8510485305503663
87.6	.013791648867515022	.41741955066087466	3.4522209583845376	.8510969620204287
87.7	.013694269083735989	.4174430887965002	3.452370445127381	.8511449874881736
87.8	.013597777392455693	.41746643595420313	3.4525184438417926	.8511926107457206
87.9	.013502165368295242	.41748959384687745	3.4526649691596223	.851239835463473
88	.013407424889605338	.4175125641306339	3.4528100351570488	.8512866651883889
88.1	.0133135481428283	.41753534840400675	3.452953655346467	.851333103342252
88.2	.013220527626860192	.41755794820715963	3.4530958426683758	.8513791532199431
88.3	.013128356157412981	.4175803650210925	3.453236609483268	.8514248179877109
88.4	.013037026871376544	.417602600266848	3.4533759675635105	.8514701006814438
88.5	.012946533231180876	.4176246553047175	3.453513928085244	.8515150042049409
88.6	.012856869029158108	.41764653143344815	3.453650501620258	.8515595313281822
88.7	.012768028391904641	.4176682298894488	3.4537856981278874	.8516036846856017
88.8	.012680005784643301	.41768975184599666	3.4539195269468954	.8516474667743565
88.9	.012592796015585349	.41771109841244375	3.4540519967873626	.8516908799525998
89	.012506394240292679	.4177322706334233	3.454183115722576	.8517339264377509
89.1	.012420795966039849	.4177532694880561	3.454312891180912	.8517766083047666
89.2	.012335997056176214	.41777409588915704	3.45444132993773	.8518189274844129
89.3	.012251993734488067	.4177947506824417	3.4545684381072563	.8518608857615355
89.4	.01216874388726466	.4178152417702089	3.454694292616326	.8519025002744014
89.5	.012085958507250725	.41783562250319806	3.4548194264004115	.8519438870457273
89.6	.012003902817017686	.4178558442065415	3.454943348755342	.8519849401162196
89.7	.011922569777145543	.41787590832375815	3.4550660718401502	.8520256625716581
89.8	.011841952506061737	.4178958162686081	3.455187607526635	.8520660574331362
89.9	.01176204427964754	.41791556942517455	3.4553079674000298	.8521061276572353
90	.011682838530844638	.41793516914794543	3.4554271627596753	.8521458761362016
90.1	.011604328849261521	.41795461676189566	3.4555452046196935	.8521853056981221
90.2	.011526508980780004	.4179739135625687	3.4556621037096518	.8522244191071
90.3	.011449372827161736	.41799306081615856	3.4557778704752407	.8522632190634307
90.4	.011372914445654605	.41801205975959177	3.4558925150789417	.852301708203778
90.5	.011297128048599302	.41803091160060896	3.456006047400697	.8523398891013498
90.6	.011222008003035728	.418049617517847	3.4561184770385873	.8523777642660744
90.7	.011147548830309504	.41806817866092083	3.456229813309493	.8524153361447755
90.8	.011073745205678484	.41808659615050514	3.456340065249772	.8524526071213488
90.9	.011000591957919158	.41810487107841654	3.456449241615932	.8524895795169383
91	.010928084068933221	.41812300450769513	3.4565573508852943	.8525262555901112
91.1	.010856216673353973	.4181409974726867	3.4566644012566723	.8525626375370345
91.2	.010784985058152837	.41815885097912414	3.4567704006510382	.8525987274916507
91.3	.010714384662245863	.41817656600420994	3.4568753567121977	.8526345275258534
91.4	.010644411076100136	.41819414349669737	3.4569792768074556	.8526700396496645
91.5	.010575060041340349	.418211584376973	3.4570821680282933	.8527052658114079
91.6	.010506327450355193	.418228889537138	3.4571840371910336	.8527402078978876
91.7	.010438209345903884	.4182460598410905	3.457284890837518	.8527748677345623
91.8	.01037070192072266	.41826309612460705	3.457384735235772	.852809247085722
91.9	.010303774360240643	.4182800042447374	3.457483626255608	.8528433586198682
92	.010237292423610678	.41829680928848134	3.457581809715653	.8528772567656104
92.1	.010171380359709803	.4183134882813314	3.4576790567072866	.8529108915799556
92.2	.010106032468601095	.41833004241011423	3.4577753769805124	.8529442655891237
92.3	.010041243086125385	.4183464728548118	3.4578707802209916	.8529773813043604
92.4	.009977006581267593	.41836278078905975	3.457965276054833	.8530102412230189
92.5	.009913317353523224	.41837896738064595	3.4580588740533766	.8530428478296399
92.6	.009850169830264714	.4183950337920086	3.4581515837379766	.8530752035970314
92.7	.00978755846410786	.41841098118073466	3.4582434145847913	.8531073109873498
92.8	.009725477730278275	.41842681070005844	3.4583343760295637	.85313917245318
92.9	.009663922123977726	.41844252349935973	3.4584244774724078	.8531707904386159
93	.009602886157750613	.4184581207246622	3.458513728282595	.8532021673803405
93.1	.009542364358850334	.41847360351913193	3.458602137803337	.8532333057087067
93.2	.009482351266605713	.4184889730235756	3.4586897153565745	.8532642078488174
93.3	.009422841429787438	.4185042303769388	3.4587764702477575	.8532948762216059
93.4	.009363829403974414	.4185193767168048	3.458862411770633	.8533253132449166
93.5	.009305309748920246	.41853441317989243	3.4589475492120307	.8533555213345848
93.6	.009247277025919588	.4185493409025548	3.4590318918566467	.8533855029055175
93.7	.00918972579517458	.41856416102127747	3.459115448991829	.8534152603727743
93.8	.00913265061316129	.41857887467317695	3.4591982299123636	.8534447961526461
93.9	.009076046029996062	.41859348299649896	3.4592802439252566	.8534741126637376
94	.009019906586801997	.4186079871311168	3.459361500354523	.8535032123280464
94.1	.008964226813075304	.4186223882190299	3.4594420085459694	.8535320975720432
94.2	.00890900122405174	.41863668740486204	3.459521777871979	.8535607708277535
94.3	.00885422431807305	.4186508858363596	3.459600817736299	.8535892345338363
94.4	.008799899067724787	.4186649825374662	3.459679125041766	.8536174867620087
94.5	.008746048339037851	.4186789715480087	3.459756667336127	.8536455153353908
94.6	.00869263711408635	.4186928614043413	3.4598334976146745	.8536733378869302
94.7	.008639660409940587	.418706653118238	3.459909624550181	.8537009565770917
94.8	.008587113240815377	.41872034770027283	3.459985056830545	.853728373564363
94.9	.00853499061596389	.41873394616018633	3.4600598031628067	.8537555910060654
95	.00848328753757164	.41874744950725173	3.460133872277145	.8537826110591602
95.1	.00843199899865035	.41876085875064123	3.460207272930892	.8538094358810594
95.2	.008381119980931879	.41877417489979235	3.4602800139125334	.8538360676304333
95.3	.008330645452762174	.418787398964774	3.460352104045719	.8538625084680198
95.4	.00828057036699513	.41880053195665273	3.460423552193266	.8538887605574321
95.5	.00823088965888656	.41881357488785914	3.460494367261168	.8539148260659686
95.6	.008181598243988066	.41882652877255394	3.4605645582026003	.8539407071654214
95.7	.008132691016040975	.4188393946269945	3.460634134021926	.8539664060328838
95.8	.008084162844870282	.41885217346990056	3.4607031037787053	.8539919248515606
95.9	.008036008574278506	.41886486632282105	3.460771476591696	.854017265811576
96	.00798822301993967	.4188774742105001	3.4608392616428665	.8540424311107819
96.1	.00794080096729317	.41888999816124306	3.460906468181398	.854067422955568
96.2	.007893737169437708	.41890243920728315	3.4609731055276933	.8540922435616685
96.3	.007847026345025229	.4189147983851475	3.4610391830773812	.8541168951549727
96.4	.007800663176154793	.4189270767360233	3.461104710305325	.8541413799723325
96.5	.007754642306266541	.41893927530612435	3.4611696967696277	.8541657002623719
96.6	.007708958338035568	.418951395147057	3.461234152115638	.8541898582862947
96.7	.0076636058312658595	.41896343731618646	3.4612980860799585	.8542138563186941
96.8	.007618579300784225	.41897540287700324	3.4613615084944516	.8542376966483614
96.9	.0075739079256914	.418987287152995	3.4614243615357276	.8542613688190454
97	.0075296694526864666	.4189990774259572	3.461486492586576	.854284844518565
97.1	.007485765230962591	.41901079017917175	3.4615480933544385	.8543081602770082
97.2	.00744219162879198	.4190224261641822	3.4616091700821827	.8543313176928324
97.3	.007398945049839836	.4190339861254397	3.4616697289505347	.8543543183493203
97.4	.0073560219328009145	.41904547080038085	3.4617297760786845	.8543771638147488
97.5	.0073134187510361815	.41905688091950555	3.461789317524892	.8543998556425572
97.6	.0072711320122093685	.4190682172064547	3.4618483592870897	.8544223953715138
97.7	.007229158257923592	.41907948037808784	3.461906907303489	.8544447845258859
97.8	.007187494063357978	.4190906711445609	3.461964967453185	.854467024615607
97.9	.007146136036904221	.4191017902094042	3.462022545556759	.8544891171364444
98	.007105080819803231	.4191128382695997	3.4620796473768896	.8545110635701685
98.1	.0070643250857817	.41912381601565935	3.462136278618948	.8545328653847197
98.2	.0070238655406887176	.41913472413170233	3.4621924449316115	.8545545240343769
98.3	.006983698922132391	.41914556329553304	3.4622481519074637	.8545760409599261
98.4	.0069438219991164105	.4191563341787189	3.4623034050836017	.8545974175888276
98.5	.006904231571676695	.4191670374466677	3.4623582099422374	.8546186553353847
98.6	.006864924470517954	.41917767375870596	3.462412571911308	.8546397556009118
98.7	.006825897556650308	.41918824376815617	3.4624664963650753	.8546607197739016
98.8	.0067871477210259094	.4191987481224147	3.462519988624733	.8546815492301942
98.9	.006748671884175502	.4192091874630296	3.4625730539590123	.8547022453331454
99	.006710466995845071	.41921956242577835	3.462625697584785	.8547228094337933
99.1	.006672530034632407	.4192298736407454	3.4626779246676698	.854743242871028
99.2	.006634858007623721	.41924012173240016	3.4627297403226347	.8547635469717583
99.3	.006597447950030266	.41925030731967466	3.462781149614607	.8547837230510811
99.4	.006560310149551036	.41926042878685005	3.462832132056196	.8548037674232961
99.5	.006523464752262023	.4192704828556923	3.4628826481528847	.8548236726823972
99.6	.0064868806763042595	.41928047488232284	3.4629327572032262	.8548434507474901
99.7	.006450555728178012	.41929040535264195	3.4629824628005865	.8548631026381969
99.8	.006414487769968889	.4193002747424661	3.463031768434853	.8548826293521221
99.9	.006378674719545208	.41931008351751153	3.4630806774919556	.8549020318648098
100	.0063431145507554364	.41931983213337687	3.4631291932533936	.8549213111296997
