0
2
7
1
11
2
6
14
12
21
19
8
8
4
6
8
6
17
11
34
63
72
18
15
14
11
11
11
12
15
22
10
8
29
79
56
119
103
83
114
81
22
39
46
58
43
48
54
76
73
55
51
20
8
5
15
4
7
44
76
66
12
11
8
4
9
6
5
6
7
15
21
29
19
18
16
26
25
21
28
64
103
161
167
123
139
121
153
169
114
136
91
94
58
80
57
59
42
39
107
43
55
45
35
41
30
27
34
26
18
12
0
1
0
5
6
12
8
8
8
12
9
56
46
7
33
30
19
19
14
34
19
4
22
5
17
5
4
13
5
8
1
0
1
0
0
0
0
1
1
0
0
1
0
0
1
6
2
3
3
6
0
1
2
1
3
1
0
2
0
2
1
5
6
4
5
2
3
2
3
3
1
4
0
1
1
3
2
1
2
1
1
2
2
3
4
2
3
0
0
0
0
0
1
0
1
1
0
1
2
1
1
0
0
0
28
3
12
27
42
82
45
50
47
71
30
19
11
0
1
7
5
23
13
20
12
10
15
11
12
5
1
2
1
0
2
0
0
0
0
0
1
1
0
0
0
2
1
1
2
0
0
0
0
0
0
0
0
24
0
8
0
0
0
0
0
0
0
0
0
0
0
0
14
0
0
0
0
1
0
0
0
0
2
0
8
1
0
12
9
4
5
3
0
0
0
0
2
0
0
0
0
0
0
0
0
0
2
0
0
0
0
0
0
0
0
1
0
0
1
0
0
0
1
0
0
0
0
0
0
0
0
12
0
0
0
0
3
0
8
2
0
1
0
0
0
1
0
0
0
8
3
0
2
3
38
82
60
4
5
24
39
4
64
0
1
0
0
0
15
1
1
1
10
15
13
16
11
14
0
0
0
0
9
0
1
0
0
8
1
10
37
10
2
0
0
0
16
4
0
0
1
0
0
1
0
3
122
40
27
0
59
1
19
29
1
42
5
8
25
19
8
13
10
20
9
11
2
2
1
6
0
0
0
0
22
0
5
63
4
9
5
2
9
3
3
1
1
0
0
0
0
6
2
0
0
1
0
0
0
0
2
0
0
0
0
0
0
0
0
12
0
0
0
0
8
1
3
7
6
2
2
0
0
0
2
1
3
0
1
1
1
9
2
7
7
11
12
12
18
0
0
1
2
0
0
0
0
0
0
1
2
1
0
4
0
0
0
0
0
0
0
0
0
0
0
0
0
0
0
3
0
0
0
0
0
27
10
9
6
4
18
11
8
14
0
0
0
0
0
1
1
0
2
3
6
17
35
48
47
52
33
18
55
19
11
1
0
0
4
3
3
9
1
0
0
1
1
8
5
20
10
8
8
9
17
13
10
10
10
14
16
6
1
0
0
0
0
0
0
0
0
0
0
0
1
0
0
0
7
1
1
0
1
0
2
0
0
0
2
10
14
8
13
16
4
8
12
20
95
56
24
5
7
39
9
1
0
0
0
1
0
0
0
0
1
1
5
4
0
0
2
0
0
0
0
0
0
23
0
8
2
0
8
0
4
24
3
0
0
22
12
0
22
6
8
1
0
19
6
2
0
0
0
0
0
0
0
0
0
0
0
0
0
6
4
0
0
0
0
0
0
0
0
0
6
18
16
0
0
2
0
6
0
0
0
55
15
3
0
0
0
0
0
0
0
0
0
53
28
19
300
463
2
7
40
6
0
10
0
13
0
0
0
33
0
0
0
0
0
0
0
0
5
0
0
0
0
0
0
0
0
0
0
0
0
0
0
0
10
2
1
4
11
13
10
0
0
0
4
2
0
0
0
1
13
0
16
5
16
14
9
10
20
76
26
19
17
9
11
8
12
7
1
0
0
9
3
4
0
0
0
0
13
7
0
1
20
2
0
0
0
0
0
0
0
0
0
0
0
0
0
0
0
0
0
0
0
0
0
0
0
0
0
0
0
0
1
0
0
0
0
4
0
2
0
0
3
2
0
0
0
3
0
6
3
3
0
0
9
0
6
2
0
6
0
0
0
4
3
2
6
11
14
1
2
4
5
6
4
9
8
12
14
4
6
5
5
4
3
2
2
3
4
0
2
0
0
1
0
2
7
3
4
5
2
5
3
0
0
2
2
1
0
6
3
0
1
0
1
1
1
0
1
1
2
2
3
7
8
10
9
4
3
8
0
0
1
0
0
0
2
0
0
1
1
0
0
0
0
0
0
0
1
0
0
0
0
0
0
1
0
0
0
2
2
2
8
12
6
1
11
5
5
16
18
19
11
14
8
4
4
1
1
2
2
3
8
10
9
3
6
9
3
0
2
1
0
0
0
0
0
0
2
1
0
0
0
0
0
1
0
0
0
0
0
1
0
0
0
0
0
0
0
0
0
0
0
0
0
0
0
0
3
0
0
0
0
0
0
0
0
0
0
0
0
0
0
0
0
0
0
0
0
0
0
0
0
0
0
0
0
0
15
8
7
13
1
0
0
0
0
0
0
0
0
0
0
0
0
0
0
0
0
1
4
58
103
82
265
324
20
140
16
19
7
17
254
15
229
231
32
170
260
583
244
172
132
64
129
166
278
499
159
114
2
1
0
71
30
6
12
0
13
6
27
2
60
149
139
5
6
1
0
0
0
0
0
0
0
6
0
0
0
0
0
0
0
0
0
0
0
0
7
0
0
65
0
0
0
0
0
0
0
0
0
0
1
3
14
0
0
0
2
9
0
0
0
0
0
0
0
4
27
17
16
12
4
3
0
0
0
0
0
0
0
0
4
0
0
1
0
0
0
0
81
74
32
66
81
19
49
52
33
97
62
39
71
55
35
110
87
29
30
94
109
72
60
45
57
38
120
103
91
231
113
40
43
52
51
156
152
123
159
89
207
208
288
197
87
254
206
166
172
192
99
194
82
140
200
162
133
154
228
172
167
214
216
129
40
108
121
39
4
7
10
19
21
31
39
32
65
134
160
182
222
89
96
57
57
154
19
27
92
55
100
108
109
38
68
28
4
1
71
35
4
0
1
3
2
2
3
0
2
0
0
2
0
1
0
0
0
0
0
0
0
0
0
2
0
4
5
8
15
19
8
12
24
22
17
39
64
30
30
131
40
116
119
57
49
67
50
62
2
11
1
99
53
37
0
0
0
0
0
0
0
0
60
3
0
0
0
0
0
1
0
33
12
12
10
20
0
0
0
0
6
4
0
0
0
9
0
2
2
0
5
0
1
0
0
13
0
4
0
41
1
10
0
4
13
2
14
29
49
46
0
1
0
0
3
3
6
2
8
2
7
3
4
7
2
2
6
4
2
3
3
3
3
8
0
2
4
3
2
1
1
2
10
19
11
4
3
0
1
2
1
0
0
9
7
10
3
0
16
7
20
0
0
0
0
0
0
0
1
0
1
3
10
31
24
0
3
0
20
14
0
0
15
1
0
0
0
0
0
0
0
0
0
0
0
13
0
4
2
2
8
0
2
0
0
0
0
0
0
0
0
0
0
0
0
0
2
0
0
0
0
0
0
0
0
0
0
0
0
0
0
0
0
0
0
0
0
0
0
0
0
0
4
0
0
0
0
0
0
0
5
23
34
3
0
33
4
4
8
17
1
0
0
0
0
0
0
0
0
0
0
0
0
0
0
0
0
1
0
0
0
0
0
0
0
0
0
0
3
0
38
0
0
0
0
2
26
0
0
0
0
0
0
0
0
0
0
0
0
1
10
0
0
0
0
0
0
0
0
0
0
0
0
0
0
0
0
0
0
0
0
0
0
0
0
0
0
0
0
0
0
0
0
302
368
152
217
277
93
171
78
68
107
0
25
14
6
11
3
4
0
1
0
0
4
2
2
0
2
4
0
23
0
0
0
0
0
0
1
1
0
1
0
0
0
0
0
0
0
0
2
51
8
113
26
19
0
21
31
0
0
0
0
2
51
67
0
92
14
60
0
13
2
2
112
32
17
62
98
16
170
56
104
3
2
0
0
0
16
0
0
0
0
0
21
0
5
2
0
0
1
0
0
0
0
0
3
0
0
0
0
0
0
0
0
1
0
0
40
0
0
0
0
0
0
0
0
17
0
0
0
0
0
0
0
0
0
0
0
0
1
0
0
0
0
1
1
1
2
9
2
0
0
0
0
0
0
0
0
2
3
2
10
1
0
2
0
0
1
1
4
1
7
0
0
0
0
0
0
0
0
0
0
0
0
0
4
4
0
0
0
0
1
4
3
2
4
15
1
12
1
13
3
4
0
0
13
0
0
0
0
0
0
0
1
1
0
0
1
0
0
0
0
1
1
2
1
2
3
0
0
3
1
5
3
11
4
5
11
3
0
0
3
5
5
0
2
0
2
0
1
0
1
1
4
9
3
2
1
0
1
0
1
1
0
6
0
5
1
2
7
4
14
8
12
11
13
14
15
14
7
22
6
6
8
14
8
8
26
1
0
0
4
0
0
0
5
7
8
10
7
20
13
6
2
0
0
1
1
1
4
4
5
1
0
0
0
2
6
6
8
8
6
14
6
2
5
2
3
2
2
1
0
2
9
2
0
0
0
0
0
0
1
2
1
2
4
1
4
0
0
0
1
0
0
9
4
7
5
3
2
8
6
5
4
3
0
4
0
4
1
1
5
1
1
0
0
0
1
0
0
0
3
2
1
8
7
4
12
14
15
12
32
5
2
2
5
6
7
22
20
22
6
0
0
0
0
0
0
0
0
0
0
0
0
0
0
0
0
0
0
0
0
0
0
0
0
0
0
0
0
0
0
0
0
0
0
0
0
0
0
0
0
0
0
0
0
0
0
0
0
0
0
0
0
0
0
0
30
22
0
0
0
0
0
0
0
0
0
0
4
0
0
0
116
125
48
7
0
0
0
0
0
1
0
0
0
0
0
1
2
4
2
1
16
7
2
2
2
0
0
0
0
0
0
0
0
0
0
0
0
0
0
14
11
17
26
13
17
18
6
23
13
4
5
5
10
3
4
4
4
6
24
20
15
40
25
13
10
25
4
6
6
8
12
8
3
10
18
16
12
4
2
3
2
1
0
2
6
2
7
7
5
5
13
17
2
3
1
2
1
5
4
0
2
7
11
0
0
1
15
1
1
4
5
19
5
2
1
9
11
10
8
6
6
3
2
4
8
14
9
5
10
14
10
9
9
11
13
13
15
21
19
11
9
5
10
20
9
14
2
3
0
1
6
16
11
19
8
11
18
7
5
7
8
2
1
1
3
0
0
1
3
5
9
1
6
2
1
2
0
2
0
3
0
0
0
2
0
1
5
0
1
0
1
2
1
1
8
3
0
1
0
0
0
0
0
0
0
1
1
0
0
0
1
2
0
0
0
2
0
0
5
5
4
0
0
0
0
0
2
2
2
3
9
5
21
6
5
8
11
11
4
0
1
2
3
2
2
2
4
8
4
9
9
8
4
3
8
10
11
6
9
8
6
5
4
11
5
6
10
6
13
16
14
9
2
4
13
10
7
7
6
7
2
4
3
6
9
2
5
8
1
0
0
1
25
6
0
1
2
0
0
0
1
1
0
0
0
1
1
1
0
2
0
1
2
0
0
6
11
13
2
4
8
3
0
8
12
6
5
4
19
2
2
2
4
3
5
10
7
9
16
25
28
15
27
20
21
18
14
26
16
20
2
1
17
11
8
12
7
12
12
4
1
3
2
4
5
4
17
6
16
2
0
0
6
10
7
9
2
0
2
2
2
0
2
0
0
0
0
1
0
0
0
0
0
0
0
0
0
0
0
0
0
0
0
0
0
0
0
0
0
0
0
0
0
0
0
0
2
0
3
0
0
0
0
0
0
0
0
0
0
0
0
0
1
0
1
0
0
2
1
0
0
0
2
0
6
49
50
20
1
20
20
4
0
0
1
1
0
0
0
0
0
0
0
0
0
0
0
0
0
0
0
0
0
0
0
0
0
0
0
0
0
0
1
0
0
0
0
0
0
0
0
6
0
2
0
0
2
3
2
1
3
15
1
29
0
1
0
0
0
0
0
0
0
0
0
2
3
3
7
7
4
2
0
1
8
5
5
7
1
3
10
1
1
14
4
5
5
1
2
1
4
0
1
1
1
1
0
2
1
3
2
1
2
2
3
0
2
3
0
4
0
0
0
5
0
0
0
1
2
0
1
5
1
0
0
1
0
0
0
0
1
0
1
0
0
0
0
0
1
19
0
0
0
0
0
0
0
0
0
0
0
0
0
0
0
1
4
0
0
0
0
0
0
0
2
3
0
0
0
0
0
0
0
0
0
0
0
0
0
0
0
0
0
0
0
0
0
0
17
16
177
0
6
9
3
0
2
0
1
18
0
0
0
0
1
1
0
0
8
0
0
0
0
0
0
0
0
0
0
0
0
0
0
0
27
0
0
0
0
0
0
0
0
0
0
0
0
1
2
0
0
0
0
0
0
0
0
0
0
0
46
66
54
49
52
49
71
60
36
31
23
26
20
19
28
16
24
32
27
15
16
18
15
10
12
13
35
33
27
9
8
4
21
3
3
6
4
1
0
1
1
0
0
1
0
1
1
0
3
1
4
0
1
5
3
4
13
4
0
4
0
0
3
17
6
15
3
7
9
5
6
17
34
6
21
84
20
0
0
1
4
0
0
0
0
0
0
0
0
6
0
9
0
0
0
0
1
0
2
1
2
0
0
0
0
0
0
0
0
0
0
11
9
0
0
4
0
10
0
21
11
0
2
109
62
104
74
0
9
1
31
0
0
0
73
5
13
22
3
10
3
8
3
0
14
21
0
0
24
5
5
30
3
15
28
0
20
1
0
8
7
0
6
5
21
38
17
10
0
3
0
23
12
27
0
39
3
55
1
2
0
0
0
0
0
46
62
34
21
0
10
8
19
0
76
3
93
0
5
130
13
7
21
11
4
0
3
7
25
5
5
3
44
38
6
9
0
0
0
0
0
0
2
0
0
4
0
0
1
0
0
0
0
0
0
0
0
0
32
0
0
0
0
0
0
0
24
6
0
0
0
0
0
0
0
0
0
0
0
0
0
10
0
0
0
0
2
1
0
1
0
0
0
0
0
87
0
1
0
0
0
14
34
0
0
0
0
0
2
0
0
0
0
4
2
0
0
1
4
0
0
0
0
1
3
3
0
4
0
0
0
0
0
0
0
0
0
3
0
1
1
3
1
1
0
0
0
0
0
0
0
0
0
0
0
2
2
1
0
3
14
15
10
24
62
47
64
66
67
64
61
53
68
62
74
58
41
36
21
14
18
13
17
25
12
5
4
4
3
1
2
4
7
0
0
3
1
0
8
0
5
2
0
3
0
2
2
0
0
2
0
1
1
5
0
0
3
4
1
0
0
1
0
1
0
0
1
0
2
0
0
0
1
0
3
1
0
0
2
0
0
0
0
0
0
0
0
0
0
0
0
0
0
0
0
0
0
0
36
0
0
11
105
0
5
0
0
0
0
0
0
0
0
0
0
0
0
0
0
1
0
2
2
0
0
67
0
0
0
0
0
0
0
0
0
0
0
0
0
0
0
0
0
0
0
0
0
0
0
0
0
0
0
0
0
0
0
0
0
0
0
0
0
0
0
0
0
0
0
0
0
0
0
0
0
0
0
0
0
0
1
1
0
0
0
0
0
0
1
1
0
0
0
0
0
0
0
0
0
0
0
0
0
0
0
0
0
0
0
0
0
0
0
0
0
0
0
17
4
4
2
4
3
3
0
0
0
0
0
1
0
10
13
12
17
6
7
9
6
4
2
1
2
8
5
0
3
0
0
1
0
0
0
70
0
1
2
1
0
1
0
0
1
0
1
0
0
5
0
0
2
6
1
1
0
0
0
1
0
0
0
0
0
2
0
0
0
0
0
0
0
1
0
1
0
0
0
0
0
0
0
0
0
0
0
0
0
0
0
0
0
1
6
3
1
0
1
0
0
1
0
0
0
0
0
0
0
0
1
0
0
0
0
0
4
0
3
0
0
0
0
0
1
1
0
0
0
0
0
1
0
2
1
1
0
0
0
0
0
0
0
3
2
1
0
3
0
3
0
2
0
1
0
0
0
2
1
0
0
0
0
1
10
7
3
0
1
0
0
0
0
0
7
2
0
0
0
0
0
0
0
0
0
1
0
0
0
0
0
0
0
0
1
8
6
0
0
0
0
0
0
0
0
0
1
9
0
0
1
0
0
0
0
0
0
5
0
0
0
0
0
0
4
0
0
0
0
0
1
0
0
1
1
1
0
0
0
0
0
1
1
0
2
4
3
6
0
2
1
0
0
4
26
16
6
13
5
6
10
6
0
6
3
8
23
26
18
30
42
109
100
89
82
111
107
51
44
39
46
55
37
71
76
75
18
26
67
62
41
40
32
36
111
27
5
5
1
2
1
2
1
1
1
3
2
2
6
3
5
6
7
6
6
3
14
14
15
7
12
6
22
28
47
59
75
74
95
63
49
59
48
102
73
111
121
79
82
69
63
51
36
14
1
1
58
0
0
0
0
0
2
0
1
0
0
3
1
3
1
0
17
0
1
0
0
0
2
1
1
0
0
0
0
1
2
16
13
31
43
18
7
0
1
0
0
9
13
63
4
0
0
4
50
7
10
3
8
5
0
0
4
0
1
0
2
0
1
3
0
0
0
4
1
2
17
45
0
0
15
1
11
4
0
0
0
0
0
0
1
0
0
0
0
12
0
0
0
0
0
0
2
0
8
3
2
7
2
9
3
0
0
0
0
13
2
0
0
0
0
0
0
0
0
0
0
8
0
7
2
0
0
0
0
1
0
2
0
0
3
0
0
0
4
7
15
11
9
49
11
4
4
1
0
64
32
3
760
159
13
25
50
114
145
249
188
165
152
271
210
120
110
118
91
51
49
52
33
9
5
21
73
22
32
36
128
52
33
62
35
36
34
17
22
8
47
18
48
34
54
38
28
49
52
23
42
36
19
37
18
19
13
20
33
50
11
81
17
82
23
13
4
5
7
0
0
36
77
35
17
83
83
63
82
70
8
53
52
4
22
7
35
6
9
18
29
10
47
42
34
18
7
2
9
18
3
10
0
0
0
0
15
3
0
0
0
0
0
0
4
6
0
0
0
1
0
0
0
2
0
0
0
0
3
0
3
0
0
0
0
2
3
0
1
2
2
0
1
1
0
1
0
0
0
0
1
2
0
1
0
0
0
0
0
0
2
1
0
0
3
2
2
19
9
10
14
0
0
0
0
1
2
0
5
0
0
4
18
5
0
0
0
0
0
15
0
0
0
0
0
0
5
0
0
1
0
0
1
0
0
0
0
0
0
0
0
0
0
0
0
0
0
0
0
0
0
0
0
0
0
0
0
0
0
0
0
1
0
0
0
0
0
0
1
0
0
0
0
0
0
0
0
0
0
0
0
0
0
0
0
0
0
0
0
0
0
10
0
9
0
0
0
0
0
0
0
0
0
0
0
0
0
0
0
0
8
5
0
0
0
0
0
0
0
0
0
0
0
0
0
0
0
0
0
0
0
0
0
0
0
0
0
0
0
0
3
0
0
0
0
0
0
0
0
0
0
0
0
0
0
0
0
0
0
0
0
0
0
0
0
0
1
0
0
0
0
1
1
11
13
2
0
0
0
0
0
0
0
0
0
0
0
1
0
0
0
0
0
0
0
0
0
0
0
0
0
0
0
0
0
0
0
0
0
0
0
0
0
0
0
6
2
0
0
0
0
0
0
0
0
0
0
0
0
0
0
0
0
2
0
0
0
0
3
0
0
0
0
2
4
0
0
0
0
0
0
0
0
0
0
0
0
1
0
0
0
0
0
0
0
0
3
0
0
0
0
0
0
0
1
0
0
0
0
0
0
0
0
0
0
0
1
0
0
0
0
7
0
0
0
0
0
0
0
0
0
0
1
2
0
0
2
0
1
0
0
0
4
0
0
0
0
0
0
3
1
0
0
0
5
0
0
0
0
0
0
0
1
0
0
0
0
0
0
0
0
0
0
0
4
0
1
0
0
0
0
0
0
0
0
0
0
0
0
0
0
0
0
0
0
0
0
0
0
0
0
0
0
0
0
0
0
0
0
0
0
0
0
0
167
43
41
15
52
72
36
9
18
5
8
12
8
6
2
8
2
6
15
1
9
5
2
7
5
1
2
1
10
11
1
1
0
4
5
1
6
12
7
2
3
5
7
4
6
6
7
9
9
4
0
1
1
2
4
3
13
0
2
2
2
0
3
3
0
7
8
27
9
9
13
28
9
6
4
5
7
20
21
19
9
9
13
8
36
24
17
9
20
20
15
17
2
7
28
82
29
10
19
47
114
12
13
0
24
35
31
0
5
11
9
21
14
10
2
3
0
51
24
0
1
1
13
1
0
1
0
0
0
0
0
0
0
0
0
1
1
0
0
0
0
0
0
0
3
0
0
0
0
0
0
0
2
0
1
0
0
7
392
458
423
461
679
453
1087
1024
728
95
59
3
2
9
10
26
72
98
96
24
19
56
35
1
0
0
1
0
0
0
0
0
2
4
1
16
4
1
3
1
0
4
1
3
5
0
1
0
0
11
0
2
3
7
7
1
1
0
4
1
11
2
110
10
0
1
0
0
0
0
0
0
0
0
0
0
0
0
0
0
0
0
0
0
0
27
64
0
2
7
9
2
0
0
2
3
0
15
0
2
0
0
0
1
0
0
0
0
0
0
0
0
3
3
32
29
5
0
2
1
0
19
35
2
4
0
0
0
0
0
1
0
0
1
3
7
1
0
0
0
0
0
0
0
0
0
0
0
0
0
0
0
0
0
0
0
0
0
0
0
0
0
0
0
0
0
0
0
0
0
0
0
0
0
0
0
0
0
0
0
0
0
0
0
0
0
0
0
0
0
0
0
0
0
0
0
0
0
0
0
0
0
0
0
0
0
0
0
0
0
0
0
0
0
0
0
0
0
0
0
0
0
0
0
0
0
1
0
1
0
2
0
0
0
1
1
0
1
3
0
2
2
3
8
16
7
4
9
9
0
0
1
0
1
0
0
0
0
0
0
0
0
0
0
0
0
0
0
0
0
0
0
0
0
1
0
0
0
60
0
0
0
0
0
0
0
0
0
0
0
0
0
0
0
0
0
0
0
0
0
0
0
2
0
0
0
0
0
0
0
0
0
0
0
0
2
2
0
0
0
0
0
0
0
0
0
0
1
0
0
0
0
0
0
0
0
0
0
0
0
0
0
0
0
0
0
0
0
0
1
0
0
0
0
0
0
0
0
0
0
0
0
0
0
0
1
0
0
0
0
0
0
0
0
0
0
0
0
0
0
0
0
0
10
7
0
0
0
0
0
0
0
0
0
0
0
0
6
0
6
3
1
0
0
0
0
0
0
0
0
0
0
1
0
0
0
3
0
0
0
0
0
0
1
0
0
0
0
0
0
0
0
0
0
0
1
1
0
0
0
1
0
0
0
0
0
0
0
0
0
0
0
0
0
0
0
0
0
0
0
0
0
0
0
8
1
4
1
0
0
0
0
4
1
4
0
5
0
0
0
0
0
0
3
0
0
2
0
0
0
0
0
0
0
0
0
3
4
2
2
7
0
2
0
0
0
0
0
0
0
0
0
0
0
0
0
0
0
0
0
0
0
0
0
0
0
0
0
0
0
0
0
0
0
0
0
0
0
0
0
0
0
0
0
0
10
24
3
18
5
11
5
41
9
2
1
0
22
12
11
10
5
16
13
27
18
41
16
25
33
45
15
2
0
0
0
3
3
4
0
0
10
12
0
7
0
0
0
0
0
0
0
2
1
1
0
0
2
12
0
0
0
0
0
0
0
0
0
0
0
0
1
1
0
0
1
0
0
0
0
0
0
19
16
1
0
0
0
0
0
10
7
1
0
0
0
0
0
0
0
0
0
0
0
0
0
0
0
0
0
0
1
1
0
0
0
0
0
0
0
0
0
0
0
0
0
0
0
0
0
0
0
1
1
4
0
0
0
0
0
0
0
0
0
0
0
0
0
0
0
0
0
0
0
0
0
0
0
0
0
0
0
0
0
0
0
0
0
0
1
0
0
0
0
0
0
0
0
0
1
1
2
18
0
4
0
0
0
0
1
0
0
0
0
0
0
0
1
29
0
0
15
1
0
1
0
2
0
0
0
0
0
0
0
0
0
0
0
0
0
0
0
0
0
0
0
0
0
0
0
0
0
0
0
0
0
0
0
0
1
0
2
0
1
1
0
0
1
0
0
0
0
0
0
0
0
0
0
13
0
0
0
0
0
0
12
12
10
1
7
3
4
7
16
10
10
6
15
5
15
14
20
17
13
6
13
16
20
8
11
16
4
11
22
13
14
9
1
0
0
0
0
0
0
0
0
0
0
0
2
0
0
0
0
0
0
0
0
0
1
297
274
21
1
0
2
1
0
0
7
0
0
0
1
0
1
0
0
0
0
0
0
0
0
0
0
0
0
2
3
6
3
5
2
4
3
1
7
6
1
0
0
3
0
0
4
1
1
9
0
17
13
0
0
0
0
0
0
4
0
0
0
0
0
0
0
0
0
0
0
0
0
0
0
0
0
8
0
0
0
2
0
0
0
0
0
0
0
0
0
0
4
0
0
0
0
12
0
0
0
0
2
0
0
33
35
19
9
9
18
33
55
33
17
19
5
7
21
3
3
1
0
0
1
31
1
25
12
27
15
0
1
14
0
0
0
1
0
0
4
1
9
1
0
0
0
0
0
0
0
0
0
0
0
17
19
15
1
87
0
0
0
0
0
4
0
2
7
3
3
1
21
1
3
5
1
0
0
6
0
8
2
0
0
1
0
0
0
11
3
29
14
0
3
10
1
2
5
8
0
1
8
0
0
6
0
5
5
4
0
1
0
0
0
4
1
1
1
0
17
8
3
1
0
19
1
15
17
0
8
2
3
18
2
0
6
1
0
1
13
2
11
3
9
2
1
3
19
0
0
265
144
74
199
72
51
